13 78
8 13 7
3 8 4
2 10 9
4 12 6
1 11 2
1 2 1
2 8 6
3 12 6
5 10 1
8 9 8
8 10 1
11 12 8
2 5 8
4 6 1
10 12 4
7 13 7
7 10 10
4 10 10
9 12 6
5 6 2
5 13 4
1 7 2
6 9 5
3 11 6
3 5 3
1 10 5
4 5 4
3 7 6
4 9 6
1 9 9
4 11 1
7 9 8
1 13 3
9 11 8
3 13 5
7 12 5
5 8 2
1 6 2
5 9 8
1 8 10
1 5 9
7 8 7
6 11 2
3 9 9
5 7 2
2 3 8
4 7 9
2 7 8
10 13 5
4 8 9
4 13 3
9 10 7
3 6 7
9 13 10
5 11 2
6 10 4
10 11 6
6 7 1
8 11 10
12 13 4
2 11 8
6 12 5
1 3 8
2 13 6
8 12 5
11 13 5
2 9 3
7 11 4
2 6 10
6 13 8
1 12 1
1 4 8
2 12 1
3 10 1
6 8 7
5 12 2
2 4 6
3 4 9
