729
951756 772743 190664 667911
758132 970182 674480 208463
686988 550761 344079 558491
87801 233183 918249 432966
852354 726502 570157 259866
619223 869196 381794 939278
756026 994580 739649 393308
169933 569360 286928 783556
498001 682637 103227 559103
346379 106741 969086 744934
624519 145624 752723 156022
208352 25290 621508 529635
340858 11068 830523 792646
48947 511411 448091 179476
904849 1282 675603 773267
942503 286846 607689 679978
682650 961270 521410 792196
90447 695687 532656 43031
901338 662086 26795 392223
247813 37950 576361 839143
103235 697921 946840 235445
961878 610481 184121 351185
995906 653253 411534 857400
481836 609162 250942 551046
750873 189532 366791 4353
587612 704614 95448 314003
454255 74466 885951 196625
631174 891556 608088 793284
114533 716037 100955 277275
799536 462416 680794 110635
256584 440443 1271 886447
532756 503877 397012 462210
497579 698379 820037 865453
51523 788331 124834 733904
851497 666952 326636 530372
539525 632699 506166 571129
934455 680679 682379 305332
853763 535174 812123 122368
101653 79635 947705 869303
415522 101993 790277 632701
496212 275431 956730 843902
84688 16880 518293 39883
82013 123997 817237 91605
622601 478010 574979 434296
367847 842108 65082 496505
555652 157565 837861 904867
729311 33832 443491 897180
525419 764285 870295 417348
825885 967142 804106 947419
699686 385736 208489 704685
370820 251064 675933 701477
799465 688989 73183 929866
960439 206618 694664 420081
314210 294028 305476 10958
324758 712039 142057 761824
530395 366755 5927 353473
529153 957870 962637 327765
647229 972495 594667 469502
971464 737547 875184 757821
306945 318733 98822 998366
185207 762578 639256 941234
944170 40388 75350 872578
845896 477410 688587 489640
107161 728816 870697 433989
273491 811174 82481 340002
99499 171521 436719 861321
540963 885867 268325 772624
585539 46410 126992 974099
387505 697532 509664 114649
219286 652281 521705 124769
73225 888410 489167 180652
4363 873445 436423 90311
996507 456104 817002 142176
378367 660359 564855 226619
589284 489774 661491 753245
203215 621148 292896 798402
646714 729294 185693 376268
481395 803369 55430 305892
468454 623080 190791 756178
750025 68869 726247 286785
656238 892884 896459 299232
264249 242393 550984 115964
260883 793779 752819 737337
826945 546052 999374 598388
459337 542337 684320 722440
175949 281643 609403 219992
964899 426486 458786 775606
983387 834801 285670 209987
823897 448710 99845 22120
232110 181153 551887 321154
564292 346963 108921 327208
488808 735914 829452 749440
552080 385716 943314 49958
397166 244276 449996 814365
825685 102911 112599 158351
897540 220374 37457 987506
408390 456859 129536 925384
892978 234390 122975 731701
627031 316600 168458 557238
682431 552377 76745 697405
622095 13031 867045 889588
114791 74474 735771 741542
281942 195499 307353 754124
608775 789885 663648 841687
500345 516523 246757 121272
588743 668058 490386 132993
929683 70995 314523 556398
980847 63778 826221 902642
289443 401095 349952 267628
241523 199642 552911 13724
562021 88331 147893 544054
336192 227037 522113 997346
351587 517277 814584 530291
925334 918605 817200 742575
76891 734037 974290 419841
830036 638532 866970 147700
557815 561915 444206 247698
666905 610740 880428 568235
378906 187427 885302 545818
253793 921353 887584 573084
933474 758724 732209 80497
737288 601553 512265 259743
744596 521855 789701 8876
74765 678860 442383 534822
575753 276234 472045 839912
988772 156824 675594 327879
335340 878118 124669 366268
759619 746018 76262 872313
396602 498211 327135 405200
342341 253486 125311 613205
716639 443305 881140 653197
277442 973076 179140 850179
231731 345250 869443 540095
311691 47894 394395 500440
807658 60000 141811 764241
762173 487636 728537 504471
915594 655152 537933 492439
962061 236050 556055 43422
782919 484567 20316 369774
15963 406588 60958 755874
247174 213191 794938 322417
132731 184565 569487 877783
36932 290969 972352 439888
247428 500205 659571 494168
147737 279140 668535 347074
73441 416679 246380 949469
169597 10159 130870 209622
146629 102244 923985 846204
46009 859381 615516 181762
383344 14200 281935 861902
831783 529158 879274 71096
319242 199421 369835 829632
890771 274097 567430 68034
161723 710365 867243 417817
623524 400135 807718 559652
468549 526348 602526 435250
20379 109109 967659 353611
98848 172586 55838 431213
415593 774677 805493 391733
576615 479730 306629 17287
994742 434644 296848 998963
605944 355955 923740 510113
707365 1977 748704 491210
284950 659725 228970 123529
265544 648542 747220 960289
109777 222824 194674 50602
81559 183337 608196 886809
944850 913923 106066 678804
266661 499552 353404 515280
278040 249527 693735 915677
417871 425429 196960 434729
127712 127645 313957 49968
238744 696082 768628 915713
428631 583248 437662 993786
513137 905264 289845 80238
41984 359705 769412 81747
212295 495169 632305 600095
171111 386892 404445 805008
547561 506253 603348 365994
29793 70760 468717 3991
498615 556666 537462 47394
6985 869343 937769 937982
218797 490417 50636 582788
761602 347808 539146 210794
814300 856798 387788 762768
984605 384101 5968 239809
324070 564703 588052 255448
867812 923334 371054 950812
909557 563840 347725 748128
408585 357854 268655 573940
537900 410871 239347 172801
573110 275056 720771 317933
249422 718752 8626 557754
577724 68834 924802 205036
839729 993005 204485 149754
553746 236426 561788 513932
170578 254855 9330 988023
337322 437284 49904 487374
803921 545997 767429 331900
577720 602130 545381 138698
400907 45382 400985 2838
22467 557677 477937 352123
945561 13954 477684 574737
219282 97808 568615 388107
173523 51968 623543 851117
667239 718236 810380 65735
981921 769269 836907 329517
964547 889869 970248 575387
261197 544138 455932 376041
282839 224041 114802 79351
381262 864177 133084 102275
318910 53341 14064 129472
671303 208344 816872 723147
728086 255085 769676 233323
914670 492145 156470 970680
591185 430221 76523 458084
238902 391380 251580 626348
755814 789258 510111 663651
566374 483887 488650 962572
681508 109836 89845 424769
130589 526557 380391 286109
883129 445334 773423 594314
238309 895856 753935 479951
909176 400297 889458 984190
243228 375628 387599 31683
441617 431206 183619 607543
671255 512332 932191 185720
506244 332833 872784 767729
38045 762908 426259 594625
153896 235398 711294 123209
889696 826948 747277 770545
524079 230567 88121 291564
89816 192882 214575 944979
170557 808403 136800 217211
192895 268852 784047 598706
788792 829127 987679 519883
787258 594173 341949 402033
723870 350712 353702 466724
743252 497594 45687 593888
148367 826706 488331 197004
905353 204119 973861 245077
291035 678412 802132 97545
260216 603958 41755 66362
126594 407817 169293 672438
587925 472245 192328 696591
458602 516303 916968 926199
780387 471477 358978 811720
577455 419946 609609 688946
21130 909058 972866 526201
775142 601545 365888 893204
834749 6121 334167 237741
253749 242120 318037 898541
766779 718312 540005 868226
723651 894601 849713 811253
392755 84221 520661 270331
554645 833476 658255 464048
757481 307432 678544 579081
913737 462234 115273 352485
282321 831734 127538 412861
575237 525786 237875 204632
177702 526231 751031 281371
14307 88205 32450 69274
123947 752353 537238 194888
336994 885411 310172 821203
882358 731814 112425 923400
503124 95348 492061 236418
435168 575615 494593 874095
669574 990284 387388 488377
962202 821924 270773 741314
794580 121713 426954 808620
458711 259823 802284 112404
270182 758908 269315 142016
891141 616300 552301 80886
79331 11865 951189 77380
409754 311916 843517 109598
991929 632021 532945 13609
544284 484125 765713 936500
741641 856753 91027 717413
257933 792303 233616 61430
349157 956934 399366 331094
645738 860440 307329 120033
63101 218980 914602 214717
473936 5550 834719 153515
887199 104957 3901 784181
752214 367463 254193 828193
957969 982176 152763 271112
906237 284344 710224 758274
794101 2078 218121 455016
649564 273716 110573 797078
288995 896301 107039 611281
316376 762890 49082 69720
9378 493146 492489 959405
982123 724855 886076 649858
706714 150586 904702 596840
786085 517886 420391 235669
750596 728155 981305 271411
279741 976987 659228 281024
29315 97199 551327 882988
457955 988860 178609 185590
631827 763921 31802 131224
665285 679732 255653 94634
387920 157981 93914 948957
329205 729944 170789 807429
582776 863533 848455 967364
38462 678092 967152 583915
487387 95815 581506 315497
920613 807798 21988 427139
34835 790098 535357 885591
717951 371215 761336 239283
832249 702923 756519 388341
573433 141569 141023 209794
550830 404373 956646 754811
590237 618956 6802 286857
258015 829450 531235 684979
621347 81781 600587 430540
484042 467092 845103 6898
726297 258071 650579 812872
515395 641150 874746 675813
195420 801708 649481 130729
856433 164304 919723 869517
370621 988803 181455 700267
346166 919785 579534 518974
117794 186208 753585 272167
242670 491385 995172 348082
213154 382052 109888 866386
575830 171225 654307 482710
135845 963575 718952 852809
361058 843675 583566 318725
768429 353472 240729 867422
158328 253937 523799 161353
765192 625040 186765 288025
744314 755943 575171 600088
716127 655130 256240 280803
173246 403693 779132 576320
85422 305432 664024 456635
261057 133394 888278 80693
156987 968507 709150 163303
419240 256534 638547 529096
99771 749966 821719 91009
425439 851410 875350 946698
103 160051 629040 773012
136128 939092 784516 567936
881311 384962 251929 258588
497478 764244 306784 433297
688741 544793 140915 882881
555705 556726 663613 342854
719617 309795 338607 77615
531487 766887 426291 918744
819966 341564 198101 410339
207252 915582 981483 459029
981233 450467 643797 280500
869358 192254 671820 129624
541079 461183 523018 49930
39913 185263 29769 602373
236022 398938 212162 445697
707228 41509 836809 286181
644557 109891 435453 672345
127722 451522 663098 240978
1939 190069 335809 631026
765673 367747 672729 504517
99083 663143 425308 962986
66398 280263 978338 522285
510844 256110 388518 376905
537451 321538 249769 750911
221600 744192 786843 617820
638749 346838 49534 126741
234192 701811 554550 586974
373844 296849 281852 375088
715429 532943 516937 914826
223354 588209 671693 699464
92774 972448 378981 979400
262414 510421 67994 993723
176435 951532 462453 121861
104993 755046 464782 264098
117004 25690 760089 279271
542229 764665 936712 830153
312089 623952 312137 989512
818008 884442 253828 937929
792508 683446 838625 388514
293433 955689 756078 123762
815914 74181 39274 464671
850802 75982 298029 784225
998153 194590 570813 856738
941292 641328 92006 372038
799381 483737 256542 374238
454404 943262 144143 721426
22218 739480 509090 763929
437477 265491 939094 741930
809729 885292 966705 735073
457676 808242 943888 667821
855024 283122 531709 571423
386438 837894 617502 419074
157486 179416 547295 257316
938685 768239 855863 676994
856015 495266 492155 943443
954668 227196 864025 630915
471477 984716 645998 730272
470829 498516 401105 702519
525023 451203 179781 627101
592418 236536 732355 534596
292367 908082 551100 310087
864853 386317 877503 963170
380190 126914 271288 24432
922189 957884 166737 564073
592111 583577 516903 471862
823051 99564 249611 760073
924199 940769 603471 745001
687557 61676 372862 327618
480527 562069 501037 287390
10928 338306 567377 655006
664212 912555 205421 631759
77512 795859 498655 857756
57285 103619 620611 973439
338817 320764 863946 137461
21844 248780 86496 491416
475058 833957 322446 628305
132244 589767 954004 875211
771373 374146 296477 664568
340513 511568 617954 922631
937898 10958 717870 450744
477405 613560 293381 662425
576057 377718 687570 915387
963222 154121 695433 967830
333904 663787 418390 219167
434081 949237 431007 53554
860278 42714 577046 138081
684899 779122 606768 802666
349775 259947 707563 690347
829328 416105 250367 877875
288298 258652 922893 182484
156405 564092 438587 237823
757614 295706 258563 837566
363874 41400 627379 798059
957909 195647 375309 617409
298761 748363 267951 923549
116324 616276 397445 860282
197896 948657 22868 980705
368426 373465 327219 788549
719463 561555 129900 821421
922987 225033 527904 679378
796347 923754 99806 15987
96029 487532 167185 475632
306470 581773 94807 213540
850567 989060 495517 578632
854928 145019 683593 638261
9945 222319 190476 743857
174266 803173 465241 494231
97671 752599 106520 609966
385163 323281 954780 855174
562074 640613 8783 230981
773138 173582 102737 42435
949930 139374 680981 150331
753536 878884 865801 617861
459502 89155 991867 368721
576789 666273 290273 518791
902477 860241 317629 983127
755552 267773 530884 504322
838436 113918 824016 792456
653794 38218 277486 499653
733431 371809 401660 111145
601498 122681 431683 443739
884548 962380 31397 243429
541747 220941 825106 772744
268182 136030 484258 10097
408620 444367 577917 432243
697107 266506 173785 315741
568903 819235 372511 930579
561088 185438 619314 17863
415067 256042 920582 837660
331044 480542 200944 780052
228186 519711 251209 89158
70420 335176 150362 77767
448042 624221 207061 774954
818446 165323 769133 767574
421534 552903 690957 525697
720555 348267 537811 865785
897977 230685 583293 688028
363336 309262 438874 525901
62238 104747 457271 739169
33724 370383 990321 227813
276945 782278 685311 123479
393521 692179 486633 247182
249901 173613 213376 436008
185902 151622 938642 43530
121942 711119 453643 853343
502502 709353 155846 966510
467797 212871 306541 533040
825236 567252 816669 868532
907312 157811 629047 681559
360025 559966 917573 898987
345058 438483 876512 347374
428950 892782 338839 647500
96219 402820 389363 267591
635112 153235 533664 202246
137181 323529 100844 865339
501570 135310 663180 843213
716861 296630 97921 170361
79592 442536 921375 649418
777834 153586 516769 744968
68708 503879 905411 181229
860561 497088 775158 60953
907101 310320 363006 152465
301041 780064 511799 919555
377463 710934 642104 225596
761980 603433 595420 617630
236940 959167 676067 337403
169816 26839 14179 302647
922442 926811 993515 103934
207659 348285 159335 185085
481433 418019 276884 608810
178544 785235 297378 911896
872617 63470 52170 203036
204044 209395 376256 169908
484849 142286 680581 710784
513467 235884 675446 466096
142208 317301 566735 246844
250455 12167 962506 981373
415309 679888 319364 160005
883096 383294 874144 80088
436351 31307 345922 345483
917227 678147 121314 481728
939457 63518 375078 996521
152160 72810 214707 402894
868897 658276 670324 180893
535014 703144 996157 644703
589851 156328 625714 896898
602536 723496 376070 762562
893773 987354 820003 205051
361609 509390 780930 716130
595982 630886 850819 850017
391857 322144 628146 64792
140434 137582 235840 862918
304538 265198 433333 447668
938982 810971 680217 106756
243994 989963 29231 748636
700919 146940 966680 561857
984014 797866 286186 568672
682763 691528 575212 131026
611933 31645 484204 932841
819661 245856 31825 757678
1643 286560 219388 132827
272566 535811 326712 853489
91040 353217 196672 901750
450985 502481 938755 567913
44860 400650 503320 131578
442447 214709 991770 552532
638795 959069 454316 960594
142449 902177 224412 876700
685507 745003 775208 546189
103606 521275 708793 826262
879609 246937 765021 37327
35970 854509 572192 355334
607210 851087 609872 653918
119193 374229 735955 58109
796839 376496 351323 165822
77179 724268 585072 648615
509926 140599 746237 992052
915633 494157 49065 213364
666636 258565 42870 86315
892308 827720 64575 65522
280337 263675 466374 419577
882474 309529 717272 211265
755445 817611 1825 521913
428874 461054 619091 169576
731448 434291 990043 646153
363899 123631 202079 452947
39578 976164 423664 387833
970506 664462 811565 142715
208779 236367 681657 625081
498372 598853 316809 397288
271361 692774 833353 983574
589019 213386 466306 723809
576947 127147 839117 371868
961754 678605 378493 193120
869871 518498 690659 873541
326700 822492 682505 438500
961003 781379 212035 27051
492810 318515 988676 228458
60175 949722 894163 433997
342473 801472 718259 764115
979271 763180 708405 434796
55535 52695 884559 539509
636523 715652 260912 463306
692947 805203 896018 88844
62224 63050 814954 904892
621476 534151 802322 141384
333306 82384 156589 810874
202419 89109 764080 114913
590117 300144 4426 845850
641712 292646 881707 796898
775763 583186 873344 728328
21793 288652 572574 135090
970261 908912 824502 246318
172253 528548 222172 497957
900722 143096 490318 702346
969265 341585 488270 661533
763846 989818 633562 903483
992696 361780 778173 451699
761272 129347 376536 829373
233381 424943 706059 976873
772029 513629 371159 615962
95889 866978 477817 907612
484271 751312 649396 695673
86722 814831 880200 646228
183865 983046 114210 435815
348546 197150 353209 678685
674286 706699 258661 517482
426038 928518 667024 104399
589624 423612 786605 670287
549516 11204 371264 286029
611890 786190 339175 280380
853055 987053 214455 708943
499822 292864 955563 592741
939706 679148 946945 564932
521654 947361 52500 580146
389431 120191 228582 408854
19078 167949 197975 642847
268859 98896 504330 752292
408559 784868 766388 455357
345217 82992 35335 479288
690080 80014 924893 177075
558177 6736 514830 736961
909893 375694 636195 624723
541294 686695 13212 353055
782097 462879 32383 790499
166498 874318 183540 227417
387646 853031 930517 50364
233275 338490 656326 417408
158233 96299 919363 315918
45438 966676 530949 115716
436820 795264 213667 165565
19421 102492 714819 259996
957143 67015 322714 771776
840055 399760 540378 395013
672863 60396 261710 695289
465699 593504 348212 801557
189510 698179 796649 968856
543918 202003 208177 262968
538216 981757 163064 250020
649848 730250 419766 961321
912262 588552 876158 637830
163286 398667 516666 931557
457320 54526 501598 587942
172153 564373 933303 862522
975500 51751 465582 150951
617119 487437 788750 241050
345329 536368 945922 920348
286431 171770 292643 180862
464187 352036 425164 673358
1648 699787 412388 465607
277668 670799 489754 975821
157861 52836 573038 575288
604292 730595 993756 250436
156424 608345 337497 109989
800713 264178 857737 429803
596325 306573 698715 953671
984197 90289 196621 61335
287288 541208 166965 636065
147305 56250 933195 65134
5808 393146 541579 682811
497979 7610 105241 974605
314654 407343 245747 926526
95960 50493 875704 732176
209126 829210 262780 545685
61536 300943 105526 95236
437679 824018 918441 778943
626425 885832 634050 248230
45919 663654 648472 206065
498609 320363 450087 569983
134841 249919 894540 529172
305772 573441 631527 512438
174183 653318 213689 628065
15831 507234 984434 46461
853884 726971 119866 674700
436237 71276 238522 194252
258303 720521 878751 480841
715068 101607 281570 402664
363439 847242 590048 968170
982484 642493 461530 773487
321063 113318 726291 789020
183454 137134 463228 431135
805570 152074 119458 191093
448642 730944 441788 970465
566576 844253 862058 680410
266415 862585 200713 127589
672757 172269 613954 996932
321696 299326 107637 249073
858399 159431 317824 344204
736363 203008 35716 157906
152915 686072 762739 890295
838838 672924 751008 576377
453657 634793 940661 727487
94525 590528 69661 377395
934069 971761 123705 499513
11619 582248 336818 839808
523533 689559 686655 184682
115060 780144 81922 151611
782360 785159 77637 844613
356804 663633 494973 552912
38840 222069 12634 643753
817820 215260 276288 309123
15892 271116 341699 166587
665082 369986 354845 699229
897576 189607 456280 505555
206580 829397 490521 425728
949359 256076 323904 173438
753097 346454 883720 357941
304450 367176 753559 555951
395770 280430 61744 227455
839881 473285 354511 899158
944250 154982 366546 534064
191364 184653 74138 455658
543233 312069 403789 322862
274883 226006 150880 329630
656661 516940 75001 565211
989850 965067 819222 177998
710990 923990 668474 357724
223750 918810 4635 879241
965754 979341 259634 865893
900275 789782 339230 220686
219386 831163 349979 249467
190952 57593 319899 220370
469602 30739 635452 775357
329567 47082 508632 500841
253385 848171 449437 338398
777846 358966 982145 949677
219978 678112 703627 263364
85240 142320 933124 844547
219379 397233 124974 949506
46813 490691 467874 949566
238449 708823 952280 967605
5823 718109 69874 434483
768359 941564 351188 331926
241118 79981 413737 963332
241366 893178 475961 383733
654654 709286 593181 634411
122542 134470 310810 525137
617982 885564 870120 147801
454623 817925 295661 733996
778801 976600 228553 97622
217118 426578 150338 575002
504945 297247 414546 272719
324932 873366 411482 184470
4124 349722 385793 76869
532462 964250 254945 161750
746103 92827 117749 693313
128830 211959 141281 595265
741940 790591 432836 183887
367270 150071 314148 155372
898194 293662 830466 910566
200871 944792 120368 554295
406909 585052 685556 329824
655649 459879 458798 520412
870988 9041 872708 29711
282326 76333 676663 58284
379082 957359 377514 545230
115364 280388 960298 685010
103870 753761 211991 494369
533457 225283 508726 810997
41522 116372 891974 742135
513184 155194 853205 922923
761477 266133 826103 217525
896954 722764 467127 340219
852879 769420 746522 910690
954752 409468 761274 611996
809267 840686 682866 18131
5584 755432 16951 802177
495423 403827 797608 932248
213005 373165 277746 48784
189637 272995 197383 489159
956740 477294 226483 100114
452025 31920 38771 150609
46586 301075 932012 188393
923460 99349 335967 623110
315218 398481 345581 958804
412430 989846 202662 901187
290878 426224 1016 432534
821360 174476 671213 673976
228918 250561 762445 674059
768403 454387 2110 692040
307809 619013 357746 877608
443297 650214 662551 904048
563600 200019 682626 299625
903029 712763 84817 813062
411840 306073 461799 152908
193491 566617 782838 107294
70019 810987 614471 229100
832862 985340 203531 346583
157851 275470 286322 888519
774054 711652 201320 929350
118786 389868 295754 217664
696599 547311 495400 748543
446616 479724 421464 588652
998880 856381 168590 457146
333819 412915 248495 612624
135122 47353 611308 668590
612560 800512 799292 878671
702586 516583 79364 809156
950789 808525 940356 125053
871525 301212 322108 199154
784138 824467 912134 45111
2624 648253 526965 468979
38570 366928 113955 821664
690320 582444 182774 404703
214140 867356 295294 743045
963924 401640 194639 762763
177936 644544 139711 90887
154380 23245 57406 193919
196534 282881 717688 410471
876209 419271 544714 620752
265028 47542 694664 2610
407111 945888 723212 308514
440539 368710 152272 510653
305319 280015 308 443729
329327 160762 311699 967005
549241 679001 239859 967954
212705 150102 429073 126850
417513 309531 522167 92392
79828 559803 28464 29882
19425 825332 867129 970849
471808 41699 636145 495689
363672 608153 713196 453959
3982 866792 36859 600079
528533 707077 201163 324359
737143 423388 978903 211042
863299 10230 261083 191233
179262 23877 168077 458438
758161 697121 897569 473962
133656 687563 447829 392655
515673 900799 494348 200581
344974 526351 932254 27020
267748 952383 672686 426400
953435 814500 210249 997586
556715 508740 381499 470565
954513 287673 236229 360343
166585 872532 884780 912214
537129 252695 719952 584433
906010 790699 498885 951876
227455 846110 899492 298717
348541 188620 117358 983267
24496 993221 27774 642415
475225 460656 95397 117978
358596 652078 447231 619489
553429 369696 254250 643128
783533 735317 255432 508094
215105 505539 656760 398934
562359 771691 862744 402521
300751 350819 262931 119642
747728 262093 370652 624167
190519 766779 434106 459566
52270 103271 709227 687786
764738 355386 738894 685951
751125 648770 248848 413033
273995 751174 720084 466729
386941 3485 165775 751099
658788 458219 344518 315424
815079 296598 488271 40683
390727 656188 206677 234905
307104 536083 764420 271661
80917 452343 732729 579774
894241 747435 812496 812990
156376 102201 919368 77215
655573 597012 439823 699021
564106 75757 386055 141008
824343 833841 101774 635244
970615 489352 885286 885372
815927 265696 370650 51741
89879 222141 466500 598615
611127 461503 723929 211569
820872 527806 448216 524536
604183 485835 580433 91857
642534 806942 806001 402438
61017 742169 6878 727716
485484 71236 776654 824482
681321 718732 9002 762789
215850 411750 835642 680741
177975 436205 313458 885956
811245 513402 244364 848273
358282 110284 988988 658025
201093 11495 379904 671644
697311 806698 139706 664210
275143 487853 858550 277476
563619 45348 419370 554245
621815 423810 522110 183625
631164 253022 195881 905611
319100 212400 56103 491679
137312 962325 512707 180937
181973 420603 958042 140209
648009 963836 630203 353640
522092 250469 811130 40974
416453 542529 956821 998923
923133 862075 651744 59209
386972 825431 573491 201622
113425 379297 330444 106126
123983 356379 773434 130588
441830 250212 511396 299011
736460 264962 544540 374777
576346 295465 623945 582010
457068 390526 785740 106709
331187 22578 263059 414646
606685 614269 886482 481043
28415 997874 114625 218722
652389 446660 897334 534780
757843 557838 289335 339794
599491 305994 358227 160154
91690 784418 958485 620488
152451 757063 114178 420200
171482 627855 319011 574365
198551 294200 884098 206795
682205 111022 456255 781944
893225 407459 33127 860929
940067 976331 890748 178443
890648 130209 158314 611880
212716 526600 918931 675248
782524 901181 944823 46201
445544 347765 531533 347614
545466 514736 547251 477211
514335 236664 491147 647178
567250 271708 44484 927359
217543 776409 854369 575480
757231 279157 237907 26132
982740 194984 326438 848836
70268 608511 140 292573
599771 149266 58071 358864
195236 842368 798090 774451
307231 174549 358851 753787
188262 450766 345370 441696
563966 485567 267155 25139
67356 993274 758645 284316
126431 111144 925975 443557
91490 79721 134357 597019
729967 464501 696620 336048
867655 416665 165529 112316
76852 65418 36452 552562
419546 687733 45964 128957
300313 350410 988053 849669
190145 181900 978785 352468
105318 859765 198843 359384
785146 967407 977556 894516
547563 592238 775897 75700
60234 701062 522579 221026
826467 437337 609473 837135
561935 951992 58982 355267
361941 28692 460370 793080
797737 615456 416349 306346
142709 586632 277043 897767
495581 98812 819573 460177
63334 871291 722598 393668
181250 58858 6796 573438
995764 832671 701180 645098
512998 828729 562789 985625
480271 312335 744969 991884
376812 241390 194644 190335
561023 621184 600128 969229
951675 179111 492439 600052
115138 28295 361613 669110
184950 488583 641512 920397
760208 159096 11198 129031
525923 424679 535936 929764
811084 110169 184268 126973
842445 188647 918128 276357
303954 669919 512772 838964
280310 458582 4375 993013
523855 298091 123365 156973
997785 643113 978543 256072
404222 642733 884141 109135
631282 54009 152322 705803
961855 158107 561423 874725
14232 374506 809374 493185
744605 9019 324481 926322
438746 235520 260086 448268
73851 865289 667568 982906
536186 176715 409684 249653
93846 676349 233753 758172
611384 995461 558264 241994
130402 607920 99680 390703
89013 311941 298301 842062
873145 619292 610573 198033
313437 177334 624802 922624
652494 715323 893223 398295
805566 542197 660355 815128
829021 978567 201004 480438
585879 737809 867583 62597
873127 971047 322424 482137
459456 500886 802724 636866
635043 725539 33536 40535
942492 200776 450489 204305
290907 650327 501895 101648
753227 742309 322044 923538
955187 904889 528060 713831
361479 85549 564912 348185
368965 358993 385001 531503
919177 911881 148067 414034
607801 42850 85823 43864
298311 150722 58777 756252
952249 105772 987902 666966
225997 661507 995491 795737
198533 696049 23205 515669
984529 842060 181583 135948
966155 372187 216563 883259
302486 485197 64136 487858
396647 855170 739305 558210
574039 906880 206836 877186
919929 607721 404795 955434
41327 697775 629998 750293
67388 444610 790146 865355
54397 386308 225446 253489
844471 644464 409677 95028
616986 142174 202373 636509
618557 941277 320134 489817
144216 220555 355603 38634
232846 147697 583168 4378
957090 388445 684588 428229
329495 204514 317734 223027
525071 168258 49150 867758
7302 105376 207729 840610
58206 443053 954069 860673
539843 463614 983633 926606
8844 685281 384550 696897
508261 402400 45190 78676
489241 436546 96646 832465
545708 832085 351307 971718
396832 981886 210034 904390
66846 829667 101494 235639
452197 897413 253246 625000
665797 141965 460931 338495
654741 859925 635824 180542
856425 185601 442894 580761
624687 968670 218928 246455
313657 693056 71263 553253
170742 898994 638543 303747
434690 37858 999016 16622
562046 820384 882488 749187
177281 51307 362449 94747
157704 640203 418761 354625
456640 802051 602037 303294
277711 942626 923500 808858
233172 831970 872123 710296
77006 810065 529880 960556
399102 975458 357903 327072
496052 314077 175461 4837
682422 966210 914401 948433
685677 323044 557400 509264
873288 869455 758470 412513
554563 640388 149898 618265
628713 37970 761350 52408
394672 659879 63491 520636
40141 542949 815971 277256
873854 179341 172542 5383
849819 838921 755963 384360
573394 394073 986438 859228
567887 837043 982561 93084
322214 301197 906467 509453
285043 325484 635831 675864
635475 354709 578490 197239
285774 393778 569606 32325
471666 969806 931430 981746
707897 169107 307181 730086
373761 284440 266076 617198
618296 251678 793993 485451
138318 785435 574443 71303
372650 680753 711221 822960
689950 878528 236264 822679
820863 596363 160575 503880
621886 683971 265301 335609
490427 861702 107835 67035
972383 720039 772309 729956
487994 637065 426097 864236
752193 528884 924299 300975
984633 148246 752187 729335
627044 317836 501866 902493
731779 912922 548631 97771
865887 962501 262862 904383
682200 276300 487489 562610
975129 144702 483548 5502
250622 974704 357141 245055
940424 213744 950869 420584
235529 854063 500208 319883
6575 687748 934019 123889
409743 51666 971216 21167
937266 884096 882031 764635
689913 669026 310296 922211
529424 580072 731462 331746
245559 119503 549967 961263
266303 898745 431397 44650
716299 723606 182504 68618
522754 189347 93364 584935
212098 562470 248622 639334
338811 795616 762272 350397
943782 786993 769366 416778
682812 396744 643777 111922
310101 186198 886667 171768
695171 27830 712183 266866
239907 487756 827223 507135
40432 487112 58688 479658
3507 49382 908527 473774
49066 647487 112863 670325
689255 524001 766764 121010
253545 415200 51100 698570
254806 111779 96915 623738
261623 297318 833363 375763
578073 312209 533455 452341
863692 610336 102129 390515
451417 479626 880786 225540
686046 599613 988067 898196
987582 45469 225212 622664
842972 476672 421349 321287
400717 843972 54182 401724
595159 869865 509999 454635
118450 918420 981128 260625
908973 730621 318208 44535
746781 922864 713163 634423
129419 255522 459905 386520
677152 558577 319339 774138
923048 673324 716326 222643
454418 32364 413557 289103
685281 194904 818235 694783
4461 711665 804353 105076
517583 216577 11971 574777
778543 945326 242368 657547
784590 563366 822053 432225
296547 234570 124349 160940
469792 286683 442015 135306
674060 396041 623194 412340
154373 121852 636286 37949
682787 401656 704348 344738
52647 323868 929745 161308
703148 86753 412152 62992
805515 628450 196749 421705
271643 766074 844756 307869
704271 914593 207481 560504
311160 899854 397860 596438
854513 763610 311923 572829
949147 349182 246935 19928
363350 883215 147119 249890
139660 677368 775142 266699
207305 990544 784971 297211
959494 74975 361702 23616
921645 154973 883345 331993
428563 770185 740185 903247
672008 394134 499147 554814
220062 681765 109587 80939
405739 67217 527680 69952
814959 722500 89800 377340
532798 34413 448760 855040
890844 630197 163602 687750
590864 555933 514254 550255
27498 56022 156032 523776
279779 498805 59466 967911
436988 25557 726282 720500
783503 323711 450471 933379
149320 427227 660039 363034
761777 164304 977466 447176
529031 79484 991733 216583
134464 324505 494838 54379
926741 90393 85324 788240
522148 61778 745154 460604
932448 464310 973148 42776
388271 507033 212641 811509
678978 823137 949864 595734
167961 179843 621460 72735
662195 944347 707962 90416
524354 978409 397420 973910
133230 340311 562885 398989
918199 128047 962497 818337
175910 481892 940728 97512
987781 725596 39375 924583
7079 176699 347842 895327
2762 373612 367846 471685
890931 32421 496211 609802
275826 872741 605197 46190
131710 447800 579761 162663
794660 880162 691420 320228
21472 55478 99473 7243
575932 139628 659266 193757
625203 757432 956887 20655
461641 137640 80720 900512
490622 65277 132710 382836
496064 218696 348031 68588
734937 871680 584181 37946
382460 934994 790480 616433
570247 345863 71529 456998
214878 713059 915140 626686
971082 168842 913799 186022
577675 616932 12931 304253
262676 257881 75000 413971
237751 518303 68150 203358
94612 247581 230952 845784
95328 535639 338384 87200
391502 689574 915871 735784
565586 568488 452868 739027
83980 693883 510938 473385
960647 558117 716501 43455
963899 718432 710512 258567
236709 595056 727038 329398
486607 254844 936384 525320
61602 840093 74597 417330
552956 514921 336770 233538
592169 139536 255722 625982
312712 4283 901297 788825
411779 816913 247790 931143
774574 47727 62831 552635
864292 477708 478157 204159
569504 351675 624415 89937
184873 663312 767901 443976
413152 878470 365584 307960
300918 389296 97855 167302
310114 200818 479865 941569
13922 114565 54304 476938
898457 782140 804979 757299
777958 680847 398330 552672
60659 166114 451215 715124
767665 87011 162510 214353
5925 819398 396867 867385
812777 803780 805245 175697
177272 717688 498708 803249
306692 376060 775170 439840
613714 844049 60125 483441
663572 610562 912865 90961
84685 310011 247611 20816
504950 679869 978495 183244
212053 437899 849502 819963
792860 490292 661242 574012
765640 335316 327466 975395
85108 730128 744095 975022
1436 800310 982502 193233
178143 306273 780936 224139
968825 176326 622200 643722
979802 51967 273330 465941
726392 547076 957650 2281
759203 442195 469571 200251
641092 744744 162541 65479
149893 188285 88523 309136
338778 716153 381710 413171
603125 955651 842303 178528
379519 19716 667756 985067
598267 887124 411209 562124
252238 624272 904775 232958
469893 218108 329589 473098
486264 493695 466386 741547
195175 418634 288089 859550
310827 298022 272053 626321
722355 954693 780782 387812
945108 962512 450989 556044
717987 418330 474059 754385
307418 480537 704107 916570
760613 86359 815365 455772
252079 851156 475007 241980
716308 133939 167803 818810
943818 431016 32220 315255
90479 559060 252846 626165
97611 305965 22118 145754
417106 685208 261274 41566
447186 948719 910578 692440
588190 61150 31832 201680
143931 751630 594218 260325
999914 146116 800767 323915
639511 745638 258809 417615
123356 777359 25591 572893
534616 747455 545972 8832
969393 2498 116840 960232
955319 766999 532734 601080
328733 719655 796446 821501
354992 136544 189221 592455
4785 282825 304312 718318
953107 312721 755919 324279
702469 310623 977328 654335
495893 223722 464796 377155
815468 336586 431775 88028
294694 252257 207274 685219
116329 838734 253889 81579
455446 230765 714562 242655
774831 256897 342947 573398
864452 224818 221824 328850
497788 673987 155973 146945
132650 154100 757217 273132
725637 953418 116780 584179
599773 26743 114557 404542
682202 906290 224861 758106
857911 613298 504326 482576
879746 253373 39296 261976
732101 663192 336692 37253
46466 693601 880933 633628
171472 641948 547820 953413
981089 459863 659616 998895
263159 871461 278776 384737
394807 557251 623034 622626
125156 705053 267185 638936
793243 216774 362694 501545
17410 113189 940280 232618
4211 21300 880851 907529
731437 362132 813000 258438
627407 26288 585174 41578
749475 553776 453066 926278
721618 419601 131361 924201
277416 722337 528690 101040
654021 294132 214175 565620
120536 208756 993480 820309
754059 245373 696002 880741
861647 619836 273830 106292
697049 873929 256127 480873
763294 465263 788664 725267
945363 837807 847352 669313
383984 250200 510108 53286
363672 936281 967193 713363
259671 502844 932046 809849
975360 553259 966283 636388
450702 192025 858965 397238
957473 9164 460110 268003
691709 30596 681880 252882
832683 408208 281855 974548
251607 186662 997326 645625
744586 457256 96128 214370
706466 441462 976270 635692
623080 756802 92519 43307
417718 7844 923007 692107
683604 454014 767219 491903
604260 988056 263712 982350
763758 688879 567583 1012
655662 229439 745377 580321
795439 509586 509211 917670
964448 233848 76704 990934
359397 86381 707870 614430
845817 112159 430623 96551
648386 348150 995919 570618
999814 345062 669671 727791
108481 892971 635858 884544
639092 365182 348182 743156
371340 947882 844910 104568
101354 843985 352666 874911
243734 960490 381675 955985
133806 67283 515126 416136
136945 98612 62277 597777
282181 650748 18074 461114
216560 818554 623305 803475
134358 935694 916606 409486
595976 437128 699300 809228
873215 574472 227606 469979
440132 807218 773082 701592
527971 307008 505369 144773
763760 737464 20433 152000
749677 588436 990802 809875
634857 510879 223073 446358
136274 34813 665486 715653
436998 892655 322365 850447
948052 364688 198449 703687
89865 315149 83200 5279
367047 986987 345014 643842
826069 3370 98582 961317
626294 300075 829574 583200
923924 504949 275839 286497
780192 418613 239368 617731
935163 62561 835080 287010
204516 998907 287702 220076
242435 189346 873068 715861
106186 813898 668877 309553
373788 225460 698981 567984
686036 447888 437628 686328
805252 957778 908266 760320
220472 746540 128210 963720
998847 746996 370641 515800
859614 682249 819068 764291
119747 570282 937382 577137
985481 284129 848573 652891
66410 881249 159453 198176
251446 25094 23334 913925
520768 464331 404179 295395
963006 411200 386183 522710
800295 921008 19143 631181
436625 598738 398232 849218
649723 514358 342450 215102
941973 611253 919304 703112
107165 205435 483194 93239
232599 145458 744163 332753
461768 142487 50766 591301
988465 209607 700674 978292
792408 228449 923452 994221
376128 400611 676385 304774
715838 4922 330650 158782
432554 931051 202486 518559
204046 1926 818083 95375
856973 526473 522848 547827
940581 393681 919259 866665
551009 404552 983592 892147
293124 939361 169752 827275
609713 868277 631217 494069
918293 234773 599388 749532
591986 302726 2840 336075
144718 996301 314673 458507
121188 841249 95126 758164
921006 719623 580090 422863
562090 541346 718088 770796
720433 948290 634212 611734
326206 646405 671026 799028
903705 433267 388917 192441
425726 545042 825536 417950
897553 685885 459356 895659
749462 82594 290162 724884
899731 10999 191959 849896
17500 751791 724059 957394
591706 946991 852899 562601
317884 448166 263284 246701
924185 672966 870783 425708
538014 385813 518839 675179
1078 691422 556993 985709
769280 387382 420882 727384
957019 711131 353183 913162
430567 475553 380760 718406
848369 322761 216926 457342
75756 490788 935090 565121
477496 718362 681362 292182
777603 968282 138898 291190
995398 481318 705998 997138
140805 87489 677462 530708
731387 712011 111489 780671
687204 126308 386982 233984
552411 851123 791969 385711
896678 156932 835612 34594
955398 137866 819675 47313
831411 619141 946992 148457
310248 664967 268448 364521
828457 635752 701081 271725
657266 645473 189167 766887
523630 29973 152649 638815
423067 887964 499609 455878
340887 683203 675473 586402
672410 739068 589638 886067
204848 656522 120769 828915
983505 654081 446465 784492
142312 693399 903698 196569
457444 619766 973441 553196
565613 309485 186444 536975
930357 733462 333205 210901
753178 908450 173049 900666
653249 329046 13116 113995
774632 576404 982539 647086
88687 277317 30408 395007
533421 526923 293269 971022
34943 240713 554477 67942
215211 487078 617531 18047
982480 944421 614054 187510
389800 980973 645344 502485
781007 690224 152519 683959
992616 447771 220175 802373
571974 543162 74155 146236
489613 168756 96944 302251
10976 788192 654323 347398
969743 570524 21445 407597
979621 404228 672790 76688
42424 266361 808747 118464
287270 756097 704337 91302
967876 779658 816503 863282
718577 223640 727204 68778
868913 13616 449270 845940
790336 588997 623231 2106
196421 169986 237338 133080
948350 657974 422314 537687
595868 843293 448908 800659
