1500
316471 768606 241236 542558
706376 751273 78600 379776
745610 160301 382608 200830
808713 243268 303828 721236
889051 968525 784787 89955
228324 774880 345465 696062
950878 978179 805192 373602
900452 52290 327911 1625
481612 543170 625902 199312
842025 5310 275967 726554
224944 641870 840485 62464
562649 459690 98854 649245
874713 492525 125357 310488
385691 475740 234160 785495
693353 330337 891843 432706
893723 172326 606447 399709
797410 315008 77694 134965
936894 573429 484212 900774
937515 513088 346627 238628
454234 149394 651545 836203
256710 541780 114792 989489
145217 80617 227956 536762
744425 559030 741186 87663
651378 34957 230937 747484
86839 717647 58630 980474
620370 110881 72161 460303
389516 101893 917242 919097
770529 467472 315008 539028
960557 399039 663175 675001
101942 838189 103956 795410
825545 276625 495182 265400
894478 368276 784694 945689
436264 607844 250738 698133
906111 57289 88649 293806
281537 93727 944493 209141
973388 367093 685580 739115
953368 245812 772381 586516
851289 866371 498906 852200
149213 289783 650784 59834
36753 638439 485853 455977
364261 623973 575472 699152
790152 980155 904619 245944
812914 914523 615765 186050
196947 884715 6973 156581
243191 210293 553667 333850
190540 709033 546621 532392
358149 640335 985907 126861
720974 718215 80745 919497
434308 291455 105656 634044
912484 812155 402167 999437
48143 350966 376268 492859
874920 518357 749072 729009
95286 278315 125535 247785
992979 61757 249934 157633
318534 528266 718240 944026
582095 580572 338502 479571
204028 801437 574187 35882
730819 974470 131201 866188
357228 290454 46053 510858
673573 222340 586818 933204
21518 906178 922998 630261
759596 507312 713303 851603
390363 260496 273372 682875
97130 504613 799521 879455
70970 591587 87722 962152
603103 378433 613837 961828
454038 344869 218793 397129
112624 867874 245952 244521
458250 333193 315528 871337
527570 102362 88939 978919
668948 376274 143057 871271
784051 73771 980443 632007
383104 650611 684955 952643
949103 438956 468437 468013
13022 204216 153970 596915
528375 273751 877709 862301
362611 925167 406588 502511
805901 35698 835339 138224
38730 373557 545384 513329
578962 643678 403177 894737
526844 480264 210316 418931
411905 226932 686980 586964
478937 767090 854758 82108
911690 412812 108704 943142
229908 53989 92982 917543
298415 385458 441936 206975
896100 911625 315720 153543
920301 915649 875883 616680
927357 782131 271326 398958
761770 8000 133344 742833
86747 344126 758539 190187
237166 335814 454920 332142
281843 686384 746943 316974
696028 130143 658966 611696
622551 196306 19624 251027
449292 93839 388094 832332
673061 357294 38604 333399
164854 219214 56206 611096
204866 358651 766797 16875
628686 122489 447413 897468
308661 246033 216240 798836
302091 783931 155989 755889
803081 567215 562096 252874
574489 947204 647307 151727
588715 819821 222385 563127
555468 122028 912644 202385
531585 816453 140646 933045
990734 921165 953043 919602
588183 242301 351533 108560
293357 589520 432705 855222
728975 29233 793863 966157
511327 268089 692576 6062
199339 33167 416146 583378
752596 200609 335039 517076
543242 200502 283135 505897
286401 236934 947604 328095
782250 308599 353147 146135
13696 837507 785275 492454
111058 196707 237248 394966
548653 140868 537508 183969
868436 796496 768266 664721
794918 780202 258909 291984
256404 969902 189954 834877
965748 27229 834993 980610
839356 383818 877967 59056
572875 506748 787970 749873
986419 712769 290497 624836
328879 941288 213456 29533
285667 369468 750433 65605
860203 549588 615573 955519
611943 750937 213823 521644
138752 416452 28838 890119
874812 913070 934677 471477
15038 706603 536 691201
613765 194604 626879 50982
803381 86310 76814 323881
912818 565255 26519 67531
376499 591678 752672 866743
374689 291901 936565 142065
604879 199436 208227 666698
917756 331028 714948 369118
319866 581782 486943 654874
752892 41910 862080 519428
995100 302102 672875 616915
628271 281132 569719 617742
2945 419648 87004 381580
196236 49797 627488 10032
809580 961015 647031 122313
968071 758477 204060 402356
187608 558288 847339 313139
136663 814229 403179 301214
494639 355459 79822 791618
854578 630665 850338 41572
163716 736878 167694 981673
25110 982760 470415 264339
89986 977812 359816 242476
693965 505178 496605 538776
17120 173607 341638 112518
449384 411174 155432 727921
490866 783943 678995 425021
812385 190417 263978 589394
791987 283795 723949 254648
509011 689194 129078 95758
440439 260262 982656 524974
373759 102530 278338 699893
136623 114234 763556 769595
705770 61496 754863 845576
807613 171304 767483 877328
830845 236383 296451 24452
582710 278011 419533 738758
508957 556910 843994 694515
957275 792315 267463 419018
776494 764031 652502 339944
131361 488690 976798 5623
164460 162643 908667 104810
488205 937551 52630 588666
178009 154606 637884 991863
858620 64895 785866 830013
656527 177050 496427 594202
228553 827621 777176 29132
693018 232863 428851 176012
621419 749650 193624 650271
636079 161304 394629 467672
698656 157289 674058 925694
970915 663567 133929 645794
843000 485845 111853 359782
295668 433939 55248 351406
997046 927905 469092 192127
122705 914923 169193 531569
229181 172916 432322 372253
98818 114700 687385 484487
390433 832351 63255 832451
15604 119203 192160 692594
299714 857454 471693 406216
90951 963491 310298 235827
393195 743829 700295 403650
969681 644609 128176 472426
32880 993744 788457 324242
648684 495739 234697 307549
205553 729710 785686 805887
380521 767583 169130 914020
488044 23407 595744 412541
86434 481585 801448 14126
599027 941246 550599 57338
852024 896512 350221 532928
467076 752984 270121 485830
591921 761687 923732 385802
799595 643551 927014 653309
808921 712532 698445 808377
632894 565422 865321 891216
22141 17566 386939 881547
217545 594757 574933 710493
88902 108856 626751 766278
443278 540533 919471 196835
591389 595156 333575 382504
840474 513125 908538 151115
858629 291736 797325 153781
958585 287241 361659 335040
546101 323153 418581 984015
835087 434527 703070 230369
233539 647090 216316 479326
908360 10894 995463 835297
735340 841839 955568 892330
876046 811401 392198 205710
172322 160628 697806 488314
91888 469933 85949 404580
718662 862489 308358 84479
418505 454999 624610 376870
66604 674837 446949 23912
412954 75160 43530 538082
568821 566279 744687 142467
273467 471309 207564 656398
200268 729985 728429 327961
556753 208341 2601 555417
801362 852443 761115 768605
608180 308767 353083 688952
371546 543182 32305 52565
980325 510655 26659 496413
785944 93294 143524 743033
78938 605077 759553 909856
157740 687019 656628 488280
448731 860595 400755 902175
526789 429075 804557 668517
60320 843456 125344 349916
197205 754722 295479 715549
502442 873034 984662 976358
754718 543813 653536 394512
582847 644153 228824 948732
399384 778715 337131 641591
916876 368253 76240 535685
622540 906374 316578 971721
553544 734234 214076 953144
66769 580230 173653 531679
353615 9440 220726 616109
911792 964942 759383 913242
284314 384278 970504 749120
506832 476799 287273 917060
465741 870906 513827 568202
487075 696343 787188 818849
480467 197080 611838 76131
818591 661748 86500 965390
273652 860842 878472 933124
213916 532487 953230 716286
607639 492065 760223 988835
797817 130395 132973 955471
631690 829904 570936 126355
50365 204386 289855 203697
746571 411046 230132 604817
230205 55229 842964 363771
467469 487981 32003 900627
777621 34153 633582 573394
240477 893845 749520 72985
747184 561840 708977 898105
450020 39767 939850 675265
375405 852202 62143 350816
91784 769789 999467 396138
461446 228821 849691 865179
249691 363585 449801 408778
878172 163163 926594 27015
422018 648683 888408 121798
367402 988595 369214 420445
780 542198 891488 491216
341631 179883 985665 956363
187733 129066 432707 441626
105128 917937 276257 554811
729425 610864 686829 878777
428570 629363 144001 986431
461815 444439 230669 158201
7606 588639 712469 623490
563502 470954 713052 296405
103108 70971 591571 196716
777562 159848 217569 484945
811681 453431 748149 49344
40011 456895 698574 173360
597102 121963 963354 625015
169125 45410 796794 262540
851408 996362 855361 83540
493391 854818 90320 785635
120571 396345 310398 82713
571276 73102 766402 360767
178399 858633 797450 223695
340939 31919 499181 648016
691467 752583 855693 861916
786648 814080 339664 555150
698223 305032 924295 735155
800808 162608 328625 104783
58563 788108 689102 716470
673625 804763 378931 94185
519410 453346 971022 934196
6310 343514 150252 569366
462224 425400 661667 270859
24111 77294 625290 381214
47814 243756 840458 830900
778994 101265 669044 542770
458827 167201 767490 29257
830854 342752 49157 152166
757904 496371 252877 402490
524190 690473 320717 312024
555129 280347 649918 218300
611260 700163 79066 170015
370049 386959 359354 490364
727281 112077 733562 400761
301832 135434 12694 87308
366444 904558 224848 627956
166388 310985 923351 187797
580350 400250 245749 213139
878881 409998 519360 880675
177953 751296 111536 895021
524278 33346 766765 893711
371164 826253 980810 342201
225643 731791 644207 881135
809350 948387 2211 451415
80867 971783 879523 427026
207212 468039 192264 872968
431939 48299 901100 928199
178160 279523 365178 175471
232375 138308 537711 95051
292804 164479 860387 401549
631857 89602 191577 536339
502136 240380 139283 629732
248548 707583 696034 500314
909243 53876 724359 520845
308329 479715 606241 954574
773911 488980 694394 57649
848952 386454 24084 434607
186025 308737 191843 794062
758944 334983 861695 588649
894895 488750 78602 526484
541401 412988 333725 386469
996099 494322 168250 796184
81799 605259 860151 236743
100810 49020 611255 802098
118515 352627 636146 541478
707117 252776 919489 141275
656416 213030 429844 528082
635572 741553 374835 861750
252232 802037 471712 505930
383021 924934 606608 540210
472127 596698 683654 198399
422688 912658 17911 33133
351628 916985 705490 130734
58543 792328 903906 62809
925084 761674 208711 920239
442621 414144 129302 120786
969270 355468 300016 639108
408531 112877 49259 42308
904842 843869 845646 240568
209266 950298 19378 227768
860222 290516 667230 193840
180758 180417 155893 964241
137545 671771 532005 670962
535004 788607 63516 842319
284963 595605 899908 666760
65784 206440 333007 447139
259858 961974 323839 662796
582798 983147 532057 739170
274592 344727 25606 566861
833654 140522 93164 939172
36884 328633 459610 347289
5968 79245 517824 35695
705725 95452 609490 464098
380884 890346 772905 183870
113937 782514 153110 382791
426045 277159 324234 678224
342856 592695 696180 56938
454091 272458 80920 276103
590839 708246 723794 310004
929641 296717 8528 594681
194289 834342 23989 277030
713772 721278 36251 962704
563019 996913 280787 764725
637833 377903 822312 573072
786624 107866 880778 855367
678002 756957 578546 274194
91911 208729 373541 377295
957152 408660 976322 828811
602520 772138 984753 287580
697121 709120 193787 791285
946918 447875 768090 306198
692039 175433 387097 716084
521169 968372 931972 556014
230525 54096 502262 944131
595211 215031 524168 438172
506841 206169 426872 783526
443666 206390 71670 497942
891472 687715 19045 161392
984316 10036 746601 894652
781639 348502 62853 544869
361203 939488 675563 174382
240807 991257 41144 51063
597011 398537 46367 143410
468745 353562 246443 324873
647060 496435 202782 23478
728418 28645 770115 498126
748365 229153 255897 74289
677111 917639 379613 426520
705135 946307 721183 4945
446983 533350 63874 864578
294911 452839 891745 578215
188230 114264 283750 357607
529619 472512 159051 510090
351190 699527 5270 977306
367993 566909 664323 653413
725108 281570 865163 676430
189473 824621 681800 686844
223443 273363 641075 164590
817118 780274 713670 462313
94678 602636 199206 224535
486705 145378 12050 359576
655718 39283 51706 542814
469904 450067 902391 569723
83375 930158 300532 363974
574059 607086 263004 319325
55329 507590 720577 746359
753063 876436 818985 933491
435898 658718 26722 394455
82663 714160 97257 873370
320038 532230 594777 315713
387272 187614 308429 988936
505378 46704 340083 139190
710400 417696 670007 521956
839683 542558 658106 973781
623719 610841 74940 105497
72183 990002 711153 552441
603856 20731 858138 131541
21582 552551 750245 833464
718853 424344 688976 717613
11541 163206 412416 749145
690304 800268 476174 354193
87545 877690 624698 813241
183730 315561 514737 840880
16508 319265 103139 98671
423468 92391 719462 569849
553226 959485 910366 182363
101591 160171 53060 924534
390891 367358 681154 586780
698455 973651 446695 959567
643994 378580 186567 706926
945130 345499 266993 677561
345284 289859 630481 757768
28721 982133 871463 553149
521848 888305 992803 515191
770777 233859 125670 304792
374279 822397 534585 228852
684632 297530 963737 807514
546090 15928 955524 258737
542582 781791 626562 297586
284785 626861 999185 969540
816446 375864 356159 515953
453154 342349 506564 834330
622165 683527 129592 966470
744717 890128 36244 513076
765117 739837 994724 811258
165462 402713 909325 234553
507934 431045 931325 458132
980821 934689 708124 314864
794554 913594 195727 942755
252994 183210 708617 199757
709559 443168 289927 727272
330113 610920 501735 187183
81646 916450 270075 581491
528970 654055 142520 849810
46920 687181 404805 866247
307211 487430 782044 491763
146740 987930 397862 767701
749221 291073 193175 457238
523 658135 200293 326914
386199 423321 551884 941300
111081 47614 405193 361141
408686 422939 94851 74385
513293 79868 587293 605338
666465 597072 722154 747774
215393 625848 247581 649901
459635 614770 535396 876495
833571 160912 522268 906242
666028 835678 800351 389942
845655 328274 157618 461137
234691 778714 214516 539299
313112 58383 901032 919951
774493 387331 774287 303238
584082 560782 947353 189744
418214 700827 236509 42889
776114 827870 69347 117852
379247 47028 719710 650463
991923 342724 357281 438294
278432 263001 581077 735888
236012 74203 510357 622427
264804 347343 216876 594961
440743 546544 41738 868611
899726 759012 273347 161417
506404 220828 300026 888832
162641 656373 97259 55716
77267 102969 235775 943059
879 802544 182699 499818
24525 804695 555478 133813
21879 420345 482098 842635
691845 952312 967647 186243
683337 870231 852258 818286
998605 995287 17732 990837
586595 509690 762598 295428
984858 289015 278388 830554
135807 125054 975651 217276
355575 977074 577155 873756
266144 933773 822812 158899
71624 610193 389570 460621
89990 961076 549654 240201
907802 587318 602961 254056
922752 442381 209466 28805
519664 784571 396707 58218
541592 559547 11059 707991
665059 623066 940800 863397
574161 91174 779043 718227
726352 668602 546779 757788
201849 365687 762309 407361
595001 366729 474259 386343
755473 767450 432204 969545
793860 616308 333973 88837
701417 719490 726165 60763
418618 415694 45376 226375
523083 791835 571961 854731
2733 609675 361172 197231
812830 39623 170748 427498
710384 607502 881582 898509
639244 10117 968355 165894
827696 771808 238484 486110
643138 422686 895830 873038
801903 169004 21540 228903
929393 180214 666536 367339
180033 256142 690255 685497
928310 264542 9762 836597
69254 753667 103542 332051
873657 984217 739942 377095
65345 962957 762621 600228
383031 70925 834396 500730
82468 610022 781072 186532
539602 943535 671449 767940
392503 830164 965083 944542
762031 334245 87634 870797
752397 753033 195899 474457
363432 830235 747763 729068
395059 492486 691956 212930
813922 597323 157533 19950
179426 659740 415015 507672
782299 387494 86096 68796
652394 183202 659497 290258
339073 513969 799176 446087
593453 86332 344912 784121
289215 92284 956185 258469
403100 851430 886264 567124
593434 265655 70026 133686
30381 426339 386654 463186
409366 891208 774934 557973
654005 646591 202485 344659
110420 407184 881105 383427
493629 716944 673501 848978
625347 689848 454410 516018
954500 523378 372663 50208
948738 292066 214282 123821
432298 146920 696417 9752
367834 515121 486167 80527
290935 609828 950980 958141
216245 767941 695824 911225
332000 2675 970391 947731
506488 358755 649177 967879
96948 902191 543203 260856
172372 111308 712103 610201
199367 133293 225114 762936
7026 87415 303297 705261
80293 331100 556376 871290
469506 68343 640595 210306
291479 39945 616616 803298
575196 351371 172941 144413
815638 11322 504233 340252
231257 151530 18589 828326
83217 369240 698160 390871
44858 632051 794852 2897
463602 159194 258849 25084
408233 413835 339376 291610
710627 809326 181826 466474
209407 964383 765530 333333
492562 381248 158544 897220
812746 989677 858842 722987
53810 595148 730087 196598
330879 666922 119728 242030
809361 212662 193209 364545
936219 914548 421786 179739
743162 556936 848761 711449
759023 389417 277096 100075
642020 974874 474025 533639
496663 721329 716058 552063
748247 648565 831551 343278
593710 255770 943464 186108
960922 885350 886668 812243
614465 924794 380625 358959
39618 262154 414476 950491
932170 47731 482252 356651
962514 951950 467389 452082
185874 181195 726630 736748
729192 930750 150507 874655
25136 328029 93123 909791
163937 272289 812411 93036
285714 693996 259479 604118
475613 212199 24089 680232
26854 345839 147773 558208
686162 797719 924221 259790
891580 866481 659075 711487
57684 93512 700634 391811
629243 122705 423895 153889
92598 572717 206691 63433
303977 108953 65098 479319
141692 774488 934150 490346
799657 352376 859800 423328
318161 440285 349096 230539
553146 311494 813871 651217
764452 743942 884040 516459
852570 915335 52928 722208
969346 674325 985008 846941
279532 225400 586811 46996
182612 931277 440953 840429
462674 838419 128281 894863
32443 697485 25777 102673
936287 197011 461006 331196
478405 423011 279710 728566
226069 624099 57169 409958
354523 971848 171647 800492
713808 146234 926273 725205
850845 766170 346841 403099
485807 467504 306723 944814
499590 827220 937871 221335
189384 318626 856113 724220
549862 501077 796305 61091
114615 704642 286090 563286
303901 512606 380688 748013
887793 596598 953172 120951
327606 923390 464216 253006
147385 660872 135183 819271
254337 615157 860424 222081
680704 415585 258755 143816
381510 363985 336395 591727
139790 290729 832535 289650
138931 181719 197287 98327
738448 252672 267847 603990
19895 13461 287978 338956
154774 563349 619595 373036
519120 12153 981225 310416
984878 687721 488627 215623
83358 160978 48494 544221
883520 272777 229640 941320
494333 873227 289184 704713
662127 282486 54621 882791
252553 208133 164008 726848
594637 252456 391503 667832
522651 306967 271021 606406
578766 769801 331114 884906
885499 379388 994216 534752
764635 155041 630363 503781
894545 194610 330656 383354
389624 557525 313306 194260
957360 703836 700526 362418
777734 109894 975958 605708
982366 723875 515712 256830
761737 292149 364546 515057
656750 970597 831172 99057
146827 344925 645858 618299
843398 786731 351414 30052
472276 942169 540738 890633
951718 570021 560764 344443
555646 490301 130816 689100
501666 839526 172782 750256
40211 849786 139600 60423
385589 683854 144936 97527
981606 799119 704569 355876
955937 788843 358197 466003
141933 39336 695375 148882
789486 268053 32426 229322
562335 210991 101744 177677
204358 973188 186498 74087
755556 449121 126159 556368
541828 346276 856078 21070
733855 268904 800939 358148
310314 376642 835717 419483
477017 748587 848148 956254
528531 960362 571179 357943
253198 53406 440488 203076
986345 813011 196087 720836
987288 297810 364221 242712
667468 658576 56645 576095
518551 632266 762071 976122
292964 663587 963292 961026
397553 499147 742886 367136
683291 595140 721847 5580
417309 317274 930958 738226
184723 141403 989036 793305
706968 260341 58006 184958
506536 450895 609265 903270
765930 3967 723850 586489
169878 322452 230255 927591
623671 950057 279671 596677
873336 106832 920906 535666
925480 953916 28650 288651
121342 823956 293055 770393
147722 468283 258032 425705
130837 791155 449760 341267
901222 234647 84793 791536
237142 14957 482974 333577
74588 418661 866730 901191
559116 206697 853712 492183
127535 956623 610616 602672
478997 838829 946933 65331
658901 22679 97601 867811
616469 257059 800992 787305
416600 762277 108789 152590
797329 105706 140967 139955
188044 193400 38677 554293
505686 459729 661259 715246
66408 107521 604864 452066
579060 34682 382975 528635
877927 813238 362221 963711
25126 386981 201998 713813
428723 773567 316165 311855
289382 334914 581002 893613
486167 588989 765501 341069
333711 119203 128357 855184
86735 644314 354888 597078
157641 62770 349627 322408
214572 996465 121264 816021
361713 375820 878108 560436
428452 858289 259961 109880
949560 848860 957090 965358
109534 531105 343380 675583
741072 418634 833744 6060
412046 772027 37352 475355
933608 915666 338185 325541
876303 937629 144502 857005
422820 148387 338726 729764
828328 680319 33197 127585
480693 421249 380638 515881
39245 508706 655154 377318
266542 175826 279667 923554
493508 331244 393374 658380
947349 901366 674905 244550
509603 692754 768013 635471
235747 735386 409693 840318
497049 210887 899893 561149
538795 767679 954886 94878
595127 311202 257938 764503
175327 438344 884043 720156
706373 273015 997838 511523
623103 683549 652987 351725
705329 911194 47039 140116
70451 619759 689978 599992
935560 999948 508309 369257
551841 194739 446904 414464
123116 849298 453021 165367
259307 122990 594690 527297
652455 209627 350253 947227
185795 65372 241282 723220
798262 191332 727538 250904
303564 457078 437373 140953
987348 634337 862940 553755
106144 95107 218320 18607
121022 328046 402596 50240
681147 822515 242432 363346
348732 506645 811285 135457
304622 520228 53912 51534
705174 302731 657736 717989
360961 287166 286261 317358
527378 600663 339774 687793
255268 433399 208712 759643
24246 927681 620030 628909
222873 281794 219993 950005
385629 429654 849041 557602
391138 263208 197488 390582
370262 351499 448456 378577
945805 456873 193062 121766
436028 598032 692746 860141
655982 621944 4984 67615
307845 264815 9287 454974
25520 175757 471378 809369
245196 529773 83992 621225
796444 95806 586254 874443
476325 882182 545770 904755
778389 973039 37032 61259
249147 981476 870302 315396
315040 511559 750668 609355
416357 539358 194399 518903
776680 115816 134805 90450
328919 397023 376031 361497
408573 637258 293739 532851
159849 801432 345363 605564
78850 139450 600774 524233
595913 161670 765657 797998
148340 144134 433818 701484
965907 275153 785464 599209
890494 522878 783525 352819
636765 433207 527234 475153
823204 684862 318824 812256
669862 178115 445854 652836
11008 951892 490628 25976
645742 452208 768780 809034
158006 24276 894583 973596
861801 551553 148103 922885
490670 521134 408347 283094
264941 248724 475530 264180
808804 659551 423986 772231
560915 907962 783845 114878
961364 480336 545327 60371
830095 675571 749579 952316
24430 290698 812043 572962
306810 479136 197741 551321
870083 597234 150070 706775
369175 835359 5463 760833
717299 247643 588522 499779
306224 840689 384476 195570
477753 902783 189442 632304
228868 104551 902451 157215
419630 240697 499531 155347
970039 336399 360562 478891
207212 949995 598291 167728
851256 534448 624057 999582
515507 534925 429820 187642
822269 266662 472335 948350
858076 589503 681214 860117
79025 839358 711745 474374
819486 442158 291098 278390
382819 237849 922453 728045
875524 364652 769021 718316
152926 403990 535721 401585
665555 730402 658227 682284
98887 885858 803431 914802
183031 909493 978037 977812
665908 152436 483047 822864
465819 253131 755875 462019
852219 487241 869468 424543
290738 608175 466840 252042
467429 160126 289408 190780
316391 510329 828661 254244
112969 371741 704379 554065
934063 666176 715946 675439
536296 988436 566929 438121
643756 295095 665843 221194
324151 903544 756066 738430
155373 612782 629181 79072
356180 295610 317763 686568
23602 79339 6871 17620
4215 411751 481677 508366
171208 895974 158198 729252
728062 587384 54443 964417
899881 789270 491094 890469
887265 285458 826502 727346
809174 732124 677440 233926
322351 196691 592481 544947
962702 962182 193177 824160
698196 738457 9556 478410
171592 990505 190608 541259
689019 535305 999778 273900
150508 742196 71331 470511
989848 787857 36238 635531
127481 560962 231855 137209
2712 277588 171343 490423
152725 93205 457006 638655
722348 638453 587114 301951
67235 42522 102225 17958
908488 661491 95887 776192
833932 145927 872105 630589
178504 101370 578474 652552
907611 14235 631136 577794
250273 892917 575630 350942
510720 757822 47701 498436
896565 549472 752047 816491
119373 648974 977150 511091
322292 487037 723321 935061
260478 247745 434926 882099
415035 28163 548801 801331
850530 957643 371104 289461
449297 749255 529657 522746
325958 836808 353830 51806
111323 291954 216041 431993
785049 841344 832385 298734
81084 76098 545190 572392
734879 302831 193592 786975
548583 49439 43909 717940
806935 557447 607966 359654
184322 695975 751800 929132
18072 733183 629046 748410
922483 504908 351943 518892
260366 713716 215324 416838
604078 627452 33585 343831
126147 692624 851206 423535
851022 265594 112026 277033
262123 77037 519046 483753
573494 564889 674489 299571
939692 887545 745070 721142
625050 880245 773833 804084
618965 903818 952303 771268
276994 713254 851704 907033
830492 712457 823034 718737
820603 901259 664895 887539
117090 613063 77104 889687
840793 399521 927835 3124
539203 943066 827163 760520
161829 809684 495302 342884
252450 528624 960362 647803
768354 921971 909698 291713
418038 617481 326684 964778
506498 971875 123595 507227
430479 73522 771891 395370
325501 58961 837537 635703
160635 146973 692800 94040
687072 413666 961365 209752
600697 925335 859812 334971
811099 842651 409456 591962
388141 419826 119925 633672
942397 777017 134666 216391
976550 426273 352790 735773
105319 821121 948255 632824
417530 961217 54110 92232
617118 657407 32341 14753
280144 475964 405320 981255
883147 128288 312386 405012
109233 974857 887887 38987
748407 989060 705322 662233
841952 522576 860746 608172
321183 661521 567868 454308
880192 115532 679974 337000
731159 593101 645483 455742
952488 949611 122633 823799
293753 218702 923159 613169
729874 910857 181602 228663
333341 372354 677407 220084
9371 944671 488893 919595
710252 234645 813810 691359
353060 450312 829878 938570
670476 353683 783068 292373
400115 436672 503144 322802
734911 250105 500029 982862
494531 301724 354585 404317
808805 161033 306954 631828
971507 123588 606101 741884
728062 331553 599424 825025
138883 268425 473413 209459
331569 714204 82791 250283
637433 856621 6611 463553
72143 483974 539756 569726
24963 288323 258458 470922
942094 342302 586123 280055
386467 72560 579119 328932
710089 394471 506120 452656
984290 241362 684119 399788
549865 150742 549313 50593
644446 279478 301052 39355
977109 199846 983541 413289
381746 206714 245272 892254
132878 726018 904005 896005
921112 138257 762595 506497
2558 325829 627203 628578
869998 215986 211091 55590
847066 421410 59789 110507
36347 1268 975067 359073
442562 255062 469476 360520
20225 343664 513562 379709
268122 51106 528623 632373
529821 371818 866023 118515
274350 942778 148884 163183
482699 395004 714025 212009
474035 356075 693595 374835
979342 484594 467054 718437
840957 75315 986786 965697
753410 613087 816365 618575
172565 68307 299085 275790
496032 830984 845612 699218
895965 807784 484440 497765
334452 216200 696388 995152
935560 551854 906161 651583
171038 695939 422061 241877
366649 214186 436511 255531
300101 878218 73502 404581
555513 14563 671138 261752
619469 4600 337017 208018
829380 922689 496491 24226
956472 589780 205728 660572
343781 514389 763846 247536
925026 9020 897478 912117
94073 870085 540738 722913
742290 207406 297349 534507
799287 412445 737384 591182
434121 46042 486803 844065
654730 334752 303934 85532
140279 376774 936186 857718
832341 39247 343905 662591
816605 318376 345059 510673
420477 5305 442597 102500
914149 210008 719328 231665
830121 685665 507789 85534
996413 987585 346576 447710
182945 910334 14131 755070
85361 297771 991036 444373
413686 765035 950504 9505
961653 918063 549499 859872
215920 651755 387042 735535
568681 203246 614038 659314
421969 636001 880129 530652
179464 431264 19261 544841
64005 930949 28612 249074
326320 312833 766673 843843
122606 261696 557725 829290
730690 31473 182697 383189
645134 150021 503337 596414
893520 68015 829460 348691
896889 165203 360824 808166
997499 325425 898092 735060
850603 629689 135917 336938
441869 905883 146371 391204
264775 859741 435727 164767
577733 971726 183625 889089
392920 315398 803038 543835
649899 663998 878772 8057
651391 923609 191978 100716
650573 252156 107194 309087
956545 944884 607393 572414
960775 9207 200781 437304
670113 342979 633547 644044
52139 33096 553976 226543
572998 898479 46619 164559
253023 431774 472758 824889
616875 628884 493053 8997
89643 574201 552443 783857
598419 884010 865341 454738
576330 988837 975364 439556
680892 392344 665721 537204
530481 99732 412966 817897
772108 520869 672796 366403
408919 373306 45420 140191
767775 738361 234368 61352
309055 821536 777275 418915
629948 674120 156333 919636
847437 826276 135278 276790
74560 89762 453702 484954
613613 800923 324219 596494
558247 492123 725150 462520
471154 650576 161806 16070
457676 758184 904829 646081
566167 835155 623575 363651
511630 792447 156862 751930
500592 527777 883941 805972
889261 798354 354188 20494
488277 69436 720204 328367
957359 300148 466669 379527
322082 188109 182465 561511
826789 864062 686335 919071
300419 910033 528582 618132
475321 439447 465422 935846
533053 587807 147023 650918
667488 958283 837621 902149
214465 923155 912032 703796
78604 23326 809354 254174
45706 867876 917997 293708
967951 776764 99121 460757
948555 592746 552210 84174
287993 200427 406021 583023
273603 338914 832471 650779
557018 254788 605906 918693
862984 259207 396042 828374
690162 310168 79221 588437
184308 310236 588971 804355
713819 667322 785691 635218
579617 174481 466661 267118
830334 702694 437632 772008
962968 880847 660642 811102
197142 444788 989216 803231
167406 671159 85461 254803
922787 10106 173586 204587
911884 15744 672650 231539
844705 870628 961744 8270
683409 253874 239686 219612
56972 770170 845317 361384
662498 107348 466147 787330
506148 937721 287438 435447
844809 149543 526092 348543
231335 686156 427230 915297
910940 461230 145210 994221
897038 141426 19551 669480
290455 363069 268042 127855
462861 558956 693542 883184
745075 389846 577217 732545
566398 573271 372576 201717
195305 777768 997060 612365
561556 1536 200382 623518
961960 169590 122677 664248
897812 740183 233009 891601
676331 843677 290050 317332
879205 7575 602283 638317
809736 456186 252277 418622
63341 817056 446365 222642
73312 346895 455550 100197
660849 771287 744945 500959
642970 528735 104766 678525
874538 457282 649414 697975
915021 963930 13969 525368
579819 824548 862632 64488
960058 273006 502399 955289
704054 491718 915746 892961
514575 285941 652767 193169
759234 719802 884364 374696
136433 298694 296758 485766
797445 609237 122729 237404
133572 338589 153708 463642
174764 663079 624767 179275
412491 560845 741631 211652
470711 125815 192000 456110
868898 266998 144837 864680
638321 573968 306833 808538
961437 479249 787358 241589
129950 973473 51266 359625
735688 758366 310407 505914
852124 473835 990934 898090
344811 23661 47200 699593
957035 238052 994464 411733
58470 736939 368413 880318
960814 217650 447185 641883
350909 316910 264643 255569
863108 837251 35328 822993
698836 308593 949485 381247
141258 201115 624534 125269
976040 985900 61401 505045
804238 800832 847888 61374
316670 639393 156616 607115
219799 697933 617433 134323
715011 438748 947707 192288
913767 908353 781765 491377
820676 354605 411819 582270
878314 308108 882215 489433
210730 838893 768493 70229
122717 593787 253985 14320
564193 974982 845898 189227
345740 106776 859281 807053
686359 518373 76195 580964
605702 341386 990790 269522
410687 732454 387812 196507
723419 498690 601102 81275
117750 103926 373193 754091
40584 602035 683616 247214
389148 736868 561105 515994
913845 389446 61476 554278
644158 611835 616183 13976
680649 212634 837296 922729
907174 624990 914064 950739
341642 552731 557952 565806
258319 295972 371883 286867
658354 656963 970648 403007
275400 849124 547205 423978
882767 703700 707961 199489
873254 281338 990187 427967
202718 37438 846222 141432
774617 148810 459907 160669
937587 353550 549198 975757
930076 737903 761173 524860
25411 434194 176632 281748
363992 945787 766495 155570
67925 663898 115104 297574
771053 623623 599289 5515
230332 776372 443524 81753
968233 953812 887867 733033
571703 345611 423950 817137
657475 891006 762837 43369
677644 274817 802125 249189
657072 540806 823693 345020
688418 665709 206707 427198
442414 728810 408895 863488
770791 456663 739157 715689
413809 745826 737472 429412
746384 783596 707042 362264
21945 92597 879742 439001
227647 626935 45807 191151
160988 703698 923989 478553
787787 734015 304753 997879
231821 764123 181226 17503
258145 305812 412235 56540
999132 533839 546012 825555
772204 829923 196661 461056
770590 165953 55405 148353
524307 565444 14687 3821
816058 167898 467211 584295
61127 345183 748936 152619
674042 425205 283046 845170
539347 867949 991428 597529
41265 23267 844828 304510
309024 261301 213726 93711
770025 981471 150808 305173
905461 410446 257079 488898
410058 425799 397712 293967
880807 795930 200002 343408
555395 283572 433307 985192
219598 160185 142049 999851
874278 582274 180274 390965
138054 534221 458809 715280
278972 919453 191239 45758
66178 777101 36204 688078
432817 612975 83367 343099
439651 339980 734399 728934
572022 895237 410226 218646
923336 20522 624977 203944
991557 979577 174761 504912
595000 881803 297247 786092
864261 69244 653609 801238
135618 396317 859215 465483
527147 999034 205343 94432
416390 577468 664388 127976
622517 152857 864300 992214
733732 581061 978817 82912
310360 400641 853791 534859
677583 287207 117956 775930
319251 253076 811035 689156
390402 181829 658810 970570
130635 863674 326372 677617
341184 280865 37586 510240
494487 374819 334865 286201
541989 660882 302734 278003
446615 482429 363298 154338
772788 644259 101895 62634
271356 773220 855270 606657
106476 761414 90973 553438
574414 329416 26380 730117
129915 898945 991399 647045
205049 147552 722356 410034
116542 563637 882567 68604
320704 42749 583400 592104
167270 797721 54179 140594
318968 338874 307253 351105
263853 312665 290272 220165
355229 350791 74290 611892
561733 985384 620566 170140
222925 462199 821149 931084
632810 217385 968797 157226
183891 51058 65753 635063
958369 100131 146857 317872
702091 585771 926763 681253
206554 326171 448100 825285
536078 428436 169996 658299
302378 325995 504920 650045
808829 22635 136430 881499
782118 671227 564374 370213
728328 70191 681967 976694
65966 233044 571520 256613
758500 76250 364896 960468
557299 46748 422824 757271
264700 447855 308250 950232
178586 121481 343999 567182
326879 659051 643607 405765
925741 77779 212946 252156
301065 454219 580489 83285
26417 944313 254056 506909
299616 295879 693481 294807
174996 393409 633547 239376
699732 26080 977935 891735
992567 434494 888389 140015
611843 443241 303782 757668
926124 979147 215962 237380
743068 726672 445783 435723
104891 439786 29263 629073
689519 903111 753095 938882
314343 271911 341366 491186
422002 75956 958499 816184
520916 238360 102910 452717
884299 418860 518067 270243
179178 844914 148163 496714
66096 615702 83717 884667
442243 462253 179078 54583
350508 343743 723386 934077
805107 105047 936264 579987
539751 552538 699174 824501
5783 142192 717481 124149
917710 208577 841551 812169
310844 527497 254493 748522
728284 150722 887221 683892
537395 682502 589805 781391
950995 929723 532624 777520
171055 760293 282194 883779
935494 821269 462104 974252
221709 802928 19057 625524
244473 834296 861568 654226
826355 754702 427107 801145
110625 224690 973084 593702
445648 520372 49282 380374
189289 935928 409868 679234
761401 612626 190062 621216
403213 718472 338748 550482
210862 557729 332228 725682
683905 391552 724291 182394
512651 450351 966929 685449
514200 647336 602032 902135
491813 102522 598412 885955
856171 60363 80506 344654
22964 967136 25976 678596
358574 493315 66876 607163
683929 718734 594990 788038
593323 637245 368963 966279
310426 253684 567540 457136
36575 190067 781597 890373
936059 217254 795283 181308
986697 826444 628162 120210
431905 134308 771903 66082
656548 199151 680946 293237
666634 583012 987641 237349
995179 705919 681094 607102
68480 572754 987438 350662
501736 409519 262098 856830
895234 88382 86501 319303
617979 565109 73143 767153
329225 487092 96831 925308
654933 303799 814271 626795
592165 398858 336577 229781
641814 937265 192876 257025
284398 627609 423660 389954
792912 65557 995238 141391
144702 174887 199638 501289
466869 582007 939976 835904
407538 973125 527229 239912
699261 836434 711807 33789
733724 764651 83448 246640
856968 803807 659625 913974
536764 794652 998887 252736
241965 508731 433080 386343
421017 661741 473281 973977
802184 806291 386835 566992
550013 814430 542773 418181
645076 659545 352963 759942
569902 661779 337517 713700
185011 928173 532750 260075
749453 434634 242434 422459
137910 426598 824737 378931
674635 645685 514761 991285
795192 886118 499524 302116
808621 930707 371017 589913
876203 336971 328935 18379
618162 821239 275442 509547
128583 944193 637761 412950
61767 542447 566100 675609
857055 600225 456774 834564
581848 397099 41289 589202
824099 848500 212796 512666
100672 864435 274911 652579
263876 228578 868530 515811
66585 212403 122382 254989
519154 176613 770245 420824
429289 416424 923083 41722
310297 373189 602836 378234
992808 411346 18514 303627
690900 642501 498997 364647
934185 221097 242775 221114
626023 702314 383998 533970
650644 946694 449515 23543
913544 922635 561696 280281
140916 10078 650503 696055
281123 659706 174785 128506
603512 391749 614193 930206
764980 178822 241100 576820
130684 163100 405252 916296
20567 969826 365943 29525
292681 507583 306365 974496
81802 811244 920308 819529
141069 743664 716066 907797
769290 953063 111815 339484
533721 164375 48760 531953
941660 571197 478390 701189
677318 994887 13095 496294
218063 475408 451433 817028
879310 840218 242931 252815
515951 793380 255646 38681
945151 829839 325447 481979
524264 777838 515274 139362
948817 864511 963233 561736
670952 489658 135098 270056
362424 52658 271405 777976
987171 542349 212613 126728
141835 486327 509360 283931
822333 725825 720046 990194
925297 946181 680645 775775
908510 284602 238444 173746
295898 808582 406268 475795
984767 870725 717350 339960
242836 655949 290770 65380
155941 49140 962897 268315
367377 679774 457101 983202
811317 658825 933669 388407
974795 591175 188323 922430
900169 263855 914918 547424
19458 723246 839488 848623
355697 839733 238462 169293
504512 961823 902621 541918
530595 243241 598726 801537
468429 221633 174696 192931
4893 917431 398290 54372
965426 319460 970506 672561
40072 184615 342944 481850
227060 275907 192478 352853
436073 901227 166174 33734
330828 459894 738692 587749
841538 470887 974441 838732
742185 954073 802878 50478
38105 773259 506721 75320
791673 264844 433684 103150
887137 101541 99767 196773
566394 668705 777173 189787
361183 677354 48257 528364
596847 41989 762881 986720
493709 14823 353228 923949
494889 255235 966298 367984
710460 880749 366693 302480
262240 540799 33791 301370
233689 528942 258309 711066
101454 379574 338978 786882
72915 297466 753144 529289
812276 328013 988872 810776
160165 509876 295012 460780
799688 771092 24965 410283
800540 456444 719944 400951
575792 628945 813240 855990
113431 753672 861182 270823
664932 124959 284385 852799
885196 917025 980303 442210
52924 600668 478441 392392
8899 123658 505307 671969
165328 273479 751343 419241
537860 326254 330491 169409
860102 771153 823415 722355
861028 404482 836197 735371
285432 742848 426452 270500
809542 334385 708199 371480
514775 613879 541310 125668
46864 146483 237612 696649
990422 32016 949918 235177
604808 877854 30371 11039
319281 918927 473119 68923
487251 650378 788547 237889
35486 249728 845131 63355
528293 103564 297642 731764
753721 277961 310646 261778
586410 756545 78228 149196
166599 185911 419797 795722
426954 486974 793445 889025
343924 757937 41332 896955
31631 908248 409228 157734
731941 323486 670423 237642
601713 726371 329608 894012
67221 117231 80539 32010
952266 504228 605880 915993
884402 968414 575133 710664
990548 854121 683998 526570
537107 419231 253317 350957
367582 850235 864755 31887
111241 136910 743250 472526
135114 35335 846290 836639
330633 121699 442385 420667
477427 615171 106793 906461
259283 668881 514441 686240
457011 589658 864751 443918
675594 752896 430645 833893
875358 937688 893662 478912
56406 251657 191753 749691
323611 415728 572526 378672
9511 382788 502225 135308
990333 314343 199884 155041
883511 1129 604208 632844
597835 32644 870881 47509
164493 589943 231 968504
841720 685292 956948 8712
853560 175824 812698 893200
86333 332550 478612 681121
220198 130007 953195 675242
873375 756273 620923 881230
289101 411798 443319 120340
353314 751887 286371 803529
322324 141988 728053 843034
320545 221770 407833 466134
980496 839166 500782 495351
314588 70685 847031 291128
926403 192525 162555 218317
677664 785625 931565 898077
157662 423735 792098 919165
27409 775878 418996 838733
201656 283397 202504 397267
838730 346519 650224 988896
6787 744035 102075 334663
492382 81017 982904 667545
440846 123948 707855 983627
517929 927903 927421 66595
345722 439117 106522 698
754129 282054 309144 530661
172550 922459 652050 7813
262277 166748 550091 601902
45722 44813 147628 823716
188170 520132 483304 812271
57490 119152 386116 244847
242131 203365 229994 38380
151879 459250 253625 454236
134951 253410 873623 780091
471978 843390 351504 603569
253488 552072 579713 683365
944651 735088 407691 487321
122727 884541 640188 517811
221403 302547 457031 679852
722797 916600 645739 270360
395522 477841 92757 579786
794344 339350 396602 38927
138389 962771 536534 713745
637359 524117 28692 276831
626416 636171 599109 19643
597644 591565 575106 645899
921413 327049 483114 640933
2455 763512 376010 829176
701365 835526 71085 701936
680052 700727 271601 482730
679916 346752 979325 199821
309991 94695 367879 274949
869250 47381 612564 322376
363193 948404 921699 708321
644788 444543 947661 246125
801020 372682 531141 387748
561224 269004 898400 799146
880896 919438 330066 823271
274419 237826 321032 510348
67729 989627 402809 831087
527838 938455 788463 305460
960809 35914 924310 706620
157483 527117 30681 214841
147214 17492 540617 276545
813779 336195 855018 60843
571309 250609 164264 924254
196013 514190 15841 19657
856715 985861 906601 421227
985485 6802 519583 586926
326893 721218 988937 589621
419162 56098 817948 435024
679377 156884 400694 535045
552627 888006 914885 878554
307474 354934 380844 186803
656006 807690 149493 44797
684629 544273 41486 891847
722222 757872 26036 311313
375696 946607 679873 104078
693477 414680 405551 385411
99028 922502 540626 876456
577219 685446 52909 222569
921000 670082 330848 606420
809677 483004 313084 233931
330152 596835 206670 264463
74546 542386 463343 564845
657267 933242 468146 79508
752237 998427 974389 999575
360770 734866 66495 22696
834591 32049 771683 624437
718146 66900 697748 281628
588153 470066 505507 143992
256335 925147 959907 626335
243105 795773 316906 202029
536869 579316 127334 383705
793849 674225 540116 40620
897327 380522 934771 883108
125419 346657 314308 53200
195346 332165 748951 904359
410221 349836 50172 72686
346041 145791 469195 851466
602664 684009 624619 998949
342376 917871 708077 943747
168893 700872 198262 944340
791350 726125 613957 586641
252424 330092 104075 351380
642368 94783 179396 646111
595306 925434 551783 376115
945623 487440 595789 747714
335924 737754 239558 156607
375452 145316 683245 269514
814199 863068 695102 196109
116503 310958 91143 438318
247600 576675 287494 476303
191796 757220 764980 56618
473607 967076 38306 77697
154755 159964 443978 462026
939713 279008 609652 608714
308548 37919 258700 441286
410982 753884 80039 330026
164760 917923 340976 373676
901834 442553 17006 214354
161494 549281 926034 211741
226545 245354 528446 218327
799209 974091 381601 641652
792635 727805 201344 160191
725885 79185 779087 612038
420056 236426 831508 625755
475223 671491 788303 498452
383950 854453 407286 286676
840853 603542 525862 259821
946809 228941 351511 587964
609078 671960 73378 256357
175807 939737 460645 359662
209697 327352 11607 800829
359156 488687 288604 522462
866649 941338 867672 82745
761990 189216 424165 442759
835894 857438 718780 893366
926397 823346 786744 617783
187881 322809 826039 689022
595645 490799 33980 954260
859765 10917 798294 372939
322828 869399 897261 337810
534845 755344 839533 445112
96796 206833 334547 870813
784878 327779 806895 185336
243283 588437 24471 763059
503954 722882 716562 493491
856773 610641 491811 73931
64418 139488 372094 171478
968008 670932 562072 84218
900344 974545 151671 46672
684122 799911 868467 185724
82171 347568 465187 404375
114027 452874 840317 722675
166827 716444 485820 544882
785416 563845 499808 541830
459407 253203 465644 362565
313512 821549 163217 852384
277506 123409 319797 708834
137407 679638 997603 59877
219519 605607 598728 681252
385632 541043 644222 282510
119110 298170 769638 135092
502527 96480 326007 373044
587858 798805 711834 680539
619597 965955 443392 900650
413639 104147 288088 427017
276766 297268 679772 160276
461144 708181 389902 49462
690974 453958 335560 43571
198068 772808 189241 547590
557844 594148 102116 473257
475904 843596 276790 217258
603386 932596 310960 982034
358785 441354 419721 381797
855575 545237 15419 251792
937942 890222 638368 534858
621799 74987 715725 265922
326762 97596 392762 961913
364922 925243 158789 73148
401972 765490 956134 81959
729446 309553 762529 192925
79101 932405 922582 808218
825229 937226 735400 304189
20785 985513 412851 270876
961358 422768 541246 432590
852200 186505 19202 879744
209448 824909 616705 439255
321346 919789 928096 243621
699555 377960 209830 931165
546046 156347 1307 412733
449577 429593 594745 6474
410638 551145 777277 987507
117622 655764 67364 266407
443058 543639 465012 544026
882391 695174 786699 329092
718758 356642 189756 694869
28151 374892 252187 291367
780467 215022 551050 459292
352207 688171 293295 520575
451465 422028 629709 33213
245178 796937 946118 294421
648538 177645 952632 678240
499770 840860 15766 974864
421899 670548 711209 802900
813489 627985 683832 398466
393611 557086 540878 405669
329803 764905 938185 252140
908977 875669 172035 253573
397435 423414 948777 697322
556336 194910 396763 445973
549497 634424 711505 848935
376039 227382 917454 414450
660350 310068 824248 544537
130412 891086 288114 42381
726697 806823 101909 560056
696624 545050 584861 847042
396687 866988 938101 497539
475847 141094 807265 376833
564911 144988 451458 424944
935380 31093 550614 648516
653096 112710 552730 782917
130758 430436 299238 231376
456300 51715 47121 782146
798840 583436 883216 563014
835988 887836 871208 2258
242225 673364 468170 712874
643993 982336 95455 432195
633849 983785 234623 475995
261468 767153 535685 197884
771212 677948 381172 153637
994538 179154 27671 291301
919929 898936 835204 309149
524472 122502 94777 884378
254837 436112 451683 574878
934338 394640 19943 477136
462511 655366 757363 748939
407166 694474 332310 576426
766186 56205 131741 676949
617591 808776 830 853167
768397 849396 659677 392068
263536 748732 850119 521115
313449 984493 535836 970850
997877 786376 884959 895005
674236 882827 413266 545851
951698 823123 507712 184539
898400 407760 617273 300368
437644 978659 145923 770521
434951 381225 880559 152568
216803 498572 929298 925923
988460 254003 963871 339543
147982 649445 814741 45044
397343 250887 81596 740690
362348 942742 213548 472901
12177 712708 33716 59740
650913 183371 182440 995291
754372 417485 328995 821165
765562 141167 995089 695373
685554 585817 549004 64812
935897 238609 4559 160823
914287 862123 987414 761099
438083 366106 668987 46316
96015 308746 630922 572408
960759 333438 885563 42319
686621 272878 370012 902040
576773 851482 18373 191658
338068 162528 246403 958015
279293 417378 130867 608696
897962 289913 31666 289273
878832 766460 351916 421795
514654 258963 821658 714241
617329 657040 627219 353611
491355 521900 607098 790102
46151 483624 984525 329339
388333 496841 364087 893387
961026 603025 747788 593441
115527 831358 870318 805584
285309 799347 53568 598498
196315 96316 270024 174265
659505 220103 158467 917679
39689 773269 346227 640055
213229 350342 985816 814784
176684 264140 488916 918082
80815 686062 478092 568414
188581 591648 660670 156196
251942 649393 907945 94867
179275 618715 35910 127933
377373 805110 149132 486549
922862 287406 783195 305335
533934 70093 149192 392130
632469 320780 409525 88451
132210 838434 910813 184600
13982 512990 787975 136930
902383 657085 460431 234904
324695 747409 466428 593921
924487 171828 221312 57038
399435 44744 266457 310001
531209 753109 242064 626666
27251 248924 183002 695048
399957 276098 308638 79148
442158 92964 424 922751
131631 355342 849031 157426
259635 169993 560552 337850
602348 366355 376231 805083
312391 103251 260390 909821
546524 277566 242672 770320
249390 820554 106267 578822
100088 882559 189288 146676
223981 436926 274405 16879
974090 270906 430828 329246
107553 539131 315466 758236
250278 560630 756275 344429
785149 791055 965264 114730
429871 326372 119778 134667
623050 662321 464403 67931
542542 984059 781534 367844
977243 199012 322167 516569
172487 342244 976530 134864
112294 501031 611711 541032
467328 785131 407100 684256
564875 14015 721472 615269
565258 161565 629133 210449
268568 119464 526551 682325
181752 736783 916091 563486
534908 55221 661663 3568
278384 486441 375593 949785
362208 836256 600656 964513
45687 5045 543780 280867
885326 681805 37124 912285
328365 310354 428485 179955
546976 337593 12212 449795
980933 157633 99357 514555
204348 640149 816612 74069
166602 762019 539045 81262
359425 150625 304898 508424
195552 192227 24223 42615
561114 971593 436820 726295
850221 498584 883536 708947
15308 858460 94879 488665
863574 155730 161800 944650
601059 196395 416373 722815
90613 462085 55437 199581
105147 816101 36625 120553
712437 73412 968688 412972
182594 640177 961108 33380
150166 216467 265452 52861
149540 298434 456660 605976
468835 730552 722653 377459
771044 513407 371835 168614
448948 686406 369192 473025
394565 242653 264810 273990
151139 997719 174648 518497
499705 106194 701543 893162
79375 19905 97938 802085
450930 396455 400231 210026
547777 912049 484004 894424
245718 800505 421952 511855
121164 894925 857918 613401
350851 996981 995253 832121
724611 323951 14561 124820
181881 473180 622002 183723
109637 905656 876576 491240
259724 104519 473921 197877
146618 376514 337220 771918
315705 271112 778851 147804
40409 839126 740120 669854
962966 561915 937397 239700
492703 395083 778833 24577
455129 568329 241054 172033
263754 282756 130860 604773
254602 402652 764154 392720
585160 81100 402250 27921
190650 548558 936032 775027
792573 161076 943015 984001
961835 91945 859689 514138
459411 659752 660386 269174
483893 887836 619234 556260
922451 282762 734756 699682
777373 839001 480502 443125
738828 953822 148310 864828
454192 42702 70247 846360
206582 829085 968788 291784
736074 488980 860821 339801
738089 379446 763570 445538
240471 987258 624636 229764
85620 278352 100620 888962
183338 153220 172843 791967
833870 477883 132536 144460
84435 606535 281352 150047
772602 853103 36390 701850
383158 632866 631438 521148
186638 376891 328475 743522
641133 421367 875841 813452
555251 266238 569118 498424
225925 633589 819865 665471
746374 948790 253770 937213
623130 374122 288012 725592
509111 973683 726311 190411
485410 770718 387425 120056
958596 250834 459760 935547
757446 722303 619999 738906
930142 586025 140460 795087
854225 832244 837533 739009
615890 258683 216089 178003
362855 7584 199596 945555
47600 49787 352168 381746
581083 548468 61726 742200
777724 171508 963041 115259
450967 411234 289032 372404
66147 513366 314752 857357
328052 1467 312157 67246
838767 625744 674679 455374
856859 505356 806068 623802
988196 753514 486339 393247
389610 650817 926045 118346
942981 996084 214505 271600
314336 142006 924687 382937
678087 891720 309497 113396
585578 231397 296661 859131
499418 963420 354773 690865
434606 798715 908493 241428
156257 128973 541683 309370
15667 480829 856165 492361
93979 343363 856740 201549
165459 133362 956205 500414
785857 858410 772833 252487
539365 506024 758111 413086
873209 266269 199013 453039
842729 157258 771398 29205
813883 677531 826964 75939
995707 232879 190977 84058
374457 140589 194117 443847
166931 694733 171431 134938
355609 950273 803531 383667
71355 208973 214431 432517
496665 135993 907405 268312
397218 948692 974356 617944
360910 857688 109969 818931
45518 908253 791296 52489
726061 917996 622941 207979
627760 343024 719385 696359
706372 878801 360361 771500
456024 895705 345982 253389
804580 916199 272237 75777
822974 692467 322125 347327
176116 118230 472556 250467
298640 906063 876946 685120
822349 958548 108165 408172
247446 941738 43889 53383
458116 225935 678956 997845
231440 820658 439868 342661
73657 879395 537262 210588
606537 974699 588776 358734
696479 623373 134071 733939
310700 657034 4946 872754
681116 328565 818308 164168
563242 789699 548184 528079
478279 260823 707678 217927
420477 130645 204915 774683
816786 153242 176705 311625
756449 202751 674090 500784
226547 444432 677954 410918
88420 728951 167041 564435
125263 117601 739515 386973
45744 874896 513692 121442
37151 664946 377252 54484
435132 612800 407982 858533
934501 293067 863039 424260
672182 13769 196413 214207
824921 986760 16631 749319
349490 957075 703847 467430
950066 908561 570934 978957
217279 265007 424249 763946
141084 607571 600454 544372
616649 762871 952071 937231
311146 49749 370426 291207
352475 187602 290011 241681
772275 967762 870320 912561
937868 203649 894663 462144
880435 124840 92659 783040
587845 534255 705519 82667
474334 896871 696801 430016
603617 89821 906151 140644
292469 328289 743640 623462
959817 922696 876087 962447
220623 149214 569376 919673
269165 882471 757208 772035
846626 530178 438219 364905
783881 100461 840778 716988
645930 572996 592236 588454
925690 384991 25504 724252
794215 966658 379908 555735
115652 337131 806847 358973
750505 643805 245381 247870
260792 898454 959805 386632
26401 835511 576747 689881
9966 391846 167931 532947
272724 699581 152643 332631
111431 577956 421812 408523
868125 409696 640420 607005
171834 498530 160455 170383
942473 966152 35515 289073
672650 150247 644739 53426
895698 337860 883574 294455
575710 502259 987711 406159
977105 503082 166868 214181
967667 739441 135646 647908
161253 188083 477810 94342
119685 857323 327738 530174
619677 4577 236339 541810
464675 79388 944839 883189
369306 524966 866666 180118
136712 352681 476515 646713
892332 846401 759790 640850
115875 782298 704080 623342
264877 888524 941984 745521
156842 438900 794743 690148
250115 279646 484307 499612
988792 644693 494895 505295
696935 506411 922875 965492
782418 991548 70586 600224
869005 930123 525116 837009
596596 238577 5770 782105
146819 90135 432242 911483
898852 81729 187384 962953
479993 366443 616435 559173
860183 371354 580704 731677
717115 942536 567820 67264
207032 99192 861417 614562
900852 603063 17558 922933
108664 216550 501243 878990
254702 419959 846540 217759
384930 516850 539797 886466
625244 676255 962790 201195
280138 256015 378806 627007
243078 214916 976404 864409
133722 988148 465197 138171
376579 476525 962312 69938
343589 9260 369169 562916
847141 231697 963014 313297
329850 881966 817213 719727
369383 682940 63330 866729
881685 905874 214758 437356
370442 327579 607200 127347
978715 131658 425118 385954
928159 117205 714473 7119
918522 292914 317766 916631
404131 630978 404383 282020
831240 264257 761843 609032
143461 947479 198892 583284
425895 443414 956622 473737
100066 683099 872606 407753
771884 624399 933680 972425
351964 202383 361853 964264
312067 212877 601211 957590
298839 853164 790888 736200
49792 986608 309702 325151
394753 882362 542042 236189
29172 409462 36290 835958
856009 709710 222328 596941
91689 796588 23643 472325
636030 229416 285994 684310
116994 486928 638145 110471
890379 23987 707468 887075
174966 479742 377181 230533
382596 104018 701876 527531
28828 409448 604937 68310
933864 765294 212266 711143
327509 397871 830572 670206
461727 567855 45203 149741
644854 267496 155198 833490
460992 751250 823820 893874
895067 754138 636026 853208
414104 353986 62553 827858
864752 486690 155137 498837
886931 312138 207085 688013
920392 140489 258585 863900
605179 137547 967787 791104
34933 965965 427656 208035
106351 213031 846362 838700
947015 774454 878915 894546
537078 229695 21764 603000
725916 468339 885708 853517
130463 24181 846716 456582
406270 305942 404544 433601
660416 446179 868108 326293
201894 329848 708641 754928
97337 633790 281078 203764
891279 514738 743917 574774
265366 824049 285171 699310
785558 487562 184078 77143
491228 201070 786773 678528
972044 183056 405272 628639
862206 873819 723657 464063
55034 242807 90360 308691
402098 215307 506453 1087
872944 500001 134021 899020
293529 659848 108654 424402
228015 310080 535160 346890
4384 405311 575488 696213
144285 436761 756889 20969
844738 958349 547679 675395
50377 820906 172657 757894
89862 377857 672227 747322
173738 438551 473497 569461
456595 130714 115192 850140
664230 390050 460978 864365
998024 685171 487047 488998
249031 870023 573350 853626
688734 261854 380964 9001
740088 207158 259440 99098
925280 575392 793139 601387
258015 977166 29504 296298
325155 125168 176517 624710
996504 667701 373466 608011
839943 732273 941074 420169
467468 655585 79057 70919
419398 510820 209182 805041
660698 197030 308176 767760
245261 373330 968869 660839
416581 165067 300853 319169
151381 922516 982641 646298
327161 241285 441798 579051
483223 209357 124200 152047
106558 189951 6053 475415
955893 5209 525896 879564
401450 886409 265800 156480
35030 231437 73371 858974
933985 18349 525643 552410
596945 771661 880521 943122
182144 900144 461592 952445
680400 590691 114093 600981
363653 770015 636505 602052
36986 631493 267195 728968
19278 267501 48735 217158
243667 61401 686377 789498
661971 692597 694136 223979
688823 926261 881398 677229
131264 660093 680286 290093
859669 736570 867489 721397
326329 389492 747915 493309
466818 120086 163655 447650
559531 652277 934526 593611
857238 3838 493569 609399
56932 190363 731692 283232
799383 302970 523688 35200
482607 721096 1663 272803
455817 431911 610363 498296
216710 862851 220207 810276
608671 342977 69394 667409
403756 738158 182047 769423
962648 977142 794248 312615
462115 3208 279337 29804
778648 691537 917854 748342
394537 401961 229738 76307
941417 171486 863167 616312
801697 271680 137818 372508
554941 523459 674345 209098
126953 257579 115950 44753
653111 441773 744975 834304
132753 219599 281548 912016
142400 194326 210125 667386
768529 416772 904923 200746
705302 478595 105902 232050
690228 503047 378925 250968
82671 598147 708138 661470
537501 911116 576573 788949
120659 836879 798682 343146
876371 154150 38126 571724
773442 948970 516213 455499
7699 867053 682221 794026
69072 392056 306168 443161
27449 25408 592125 43117
352726 634181 359723 729386
97648 312882 652968 526614
907051 698904 260634 568992
275550 231294 542855 124531
414226 779614 384600 75884
275001 472099 767290 800675
68246 560958 659445 317210
667369 962593 30590 78038
252610 925315 347577 412722
354034 119059 206896 548898
911225 954921 809089 336610
220877 100236 77897 104925
90159 909693 889617 863432
928307 771989 851841 799273
36545 94208 933356 334333
385756 993191 58003 453475
801704 165566 521787 976647
524984 956499 692713 117570
164856 72126 118691 890688
311093 689464 775587 402711
872728 813507 467670 478135
29537 528097 155725 604996
405326 138176 108188 226307
823376 672233 889383 570581
371553 621510 178021 631075
194391 224087 409671 181673
65851 809369 700997 666670
7161 905159 170395 229077
339542 699449 907437 202367
279878 330795 126577 310644
787634 877154 57948 557068
760949 701281 297650 269770
368606 830845 192605 912464
543102 202490 526033 185004
60523 252470 794453 758855
319739 864230 342644 848966
220183 955269 59932 159329
521906 190893 204183 785910
995999 681571 520871 614307
71696 896024 47722 513400
17866 724236 250045 305998
917868 637810 906973 884802
340951 836348 258424 507272
740428 901740 748653 254872
23953 32109 529982 222691
564868 613131 760515 838422
106940 266103 586187 766390
275498 692739 573782 260256
943831 645938 337748 121485
867449 42734 69473 903584
18559 130717 73004 27531
126643 729706 312126 188211
677050 861829 617006 135205
863794 281630 222135 879967
882130 853058 671623 456692
374901 660204 286252 527706
673148 356941 474465 580915
503964 978665 391783 259250
421337 21603 513896 300603
620067 412738 52676 901923
228919 696791 494596 186483
973682 564982 824189 461543
744740 622241 672664 466926
957428 179444 306471 312891
720259 192067 328214 665650
629419 581035 48239 870100
580833 439260 442271 83490
573089 885523 752155 687550
649697 30433 866998 180611
585721 507098 195422 237807
976824 313251 202113 624391
944849 40681 122274 641397
896245 305345 670542 914047
373093 519120 460277 827498
809545 451815 956027 517650
595330 965033 83845 76519
798080 751940 448386 598509
784879 963635 195251 714378
326570 992846 997944 541441
398270 568366 210581 291301
99461 810807 841102 268170
452344 87243 410523 968791
195563 520411 952177 163395
217750 846430 965324 133313
322404 581935 297014 177899
945591 169007 519614 390976
334942 135722 470512 585743
242159 167842 255610 973262
984860 829401 799191 893724
309225 725298 379758 87033
739569 776383 147505 870375
120160 900624 328604 22765
929087 423183 399762 186111
689720 21544 297233 862759
313298 945100 900940 372841
977129 141192 196036 591888
739091 424881 67364 399357
223324 382763 452164 142561
459553 800985 60439 991717
824981 21562 808542 294799
970611 701879 721124 225871
765524 127972 899742 522031
131960 825672 898507 708498
751608 140216 492069 620799
517240 299326 161215 298535
386026 802798 801129 276863
995673 692423 228914 12489
892454 591363 815711 646111
759700 757341 189180 840488
126073 375012 389346 654976
186155 153904 219789 390816
585580 506010 758228 464280
872523 24930 764381 667315
892801 111665 254681 58951
258713 803008 35599 208339
994875 54226 367723 278741
64036 439788 860268 100592
483829 768558 864685 204186
384059 239526 906704 881752
649134 571669 19124 262851
262629 137276 124374 715054
784448 18157 373504 362746
886204 585329 596873 109790
979141 523893 384604 449857
883069 53150 206199 979998
479570 747704 837887 470359
864018 157813 761061 700369
888428 821028 797389 627998
599295 86412 44948 505403
223062 925376 739063 500166
944185 463291 311494 882734
918214 617567 141646 577867
386299 452106 534973 878260
267741 125318 477452 112955
355939 339990 854010 485337
637593 269918 427161 649601
201971 732791 621692 703014
650327 533864 565549 367706
632320 4245 791316 772824
595060 500158 833460 795337
162444 612551 95697 38849
900466 146227 195098 114590
58375 737468 566322 901967
989357 378786 680136 538960
715293 275355 726469 884593
299525 735642 731190 721051
477152 537695 211081 253067
681370 848431 731896 131876
687213 261164 546058 421151
239863 371969 120488 201980
542545 322301 229674 410045
112466 41679 824060 723939
59078 164631 840022 271987
801256 7630 3851 502695
708568 924472 908101 335492
394718 732680 597163 99416
20594 10477 744750 940808
826774 58807 856165 168255
622783 860485 813390 209811
920854 277875 889999 115109
74561 710203 262522 732398
522159 705354 763051 186503
77269 337917 736403 397967
115747 238643 571121 780599
486589 330042 185062 897212
841093 355913 54981 154861
931176 143790 563355 362030
551828 643704 199897 63280
515711 910050 294839 652660
342600 10907 653762 418875
96962 990220 267838 511411
446223 663437 775543 385326
138005 728995 63234 261190
918387 748502 558390 249246
615338 553270 229185 224952
391764 75501 281785 643642
365998 436654 179258 450727
737221 369191 804843 764914
34591 189026 769314 836359
348358 477929 13509 266750
152334 287201 36933 474642
329729 55895 478920 396518
518368 572317 819093 617400
769851 541885 530575 588005
331216 610284 745602 83367
548126 599557 360260 767773
49263 524800 445084 949288
571160 487031 755658 911032
664027 537883 745414 473622
127480 997110 112304 22531
620913 502306 397974 976894
997318 63991 22312 590644
538640 379966 855479 517936
617836 247288 894464 933097
232952 344103 853154 462023
84801 271111 764006 652170
747082 633901 320079 835089
206062 987281 868187 969619
111691 253836 143452 50914
332606 23513 52287 608893
52650 513949 811646 731248
330067 888333 594076 282776
661270 541525 353354 35781
275464 3849 705428 568978
910980 656060 251307 75589
64463 353555 169324 945970
9962 484262 825384 483071
814434 77137 340670 71350
899 870053 529211 103152
93983 804325 675338 775721
881166 237353 273382 166060
860249 400181 960096 421207
418252 727754 162110 203759
137968 737119 603921 423930
945799 718655 324489 931981
67155 612233 577332 447564
197499 748257 417475 781197
465611 626838 517570 40560
230666 166197 728854 520313
250784 351613 139244 122958
38839 407427 21962 988050
186106 883714 589429 797702
271446 367568 893661 775435
796618 533794 515327 350440
413353 547902 77219 351984
780314 744898 777725 405023
242710 745248 737638 571053
838951 760316 625672 504433
192338 561024 26506 144378
375157 227250 383768 197817
845972 939159 299279 878417
640086 124961 121064 860046
643992 548003 108057 441466
539089 266107 435193 318658
253239 671236 89404 269927
539380 314058 52278 1876
166770 120574 232100 550115
342524 728625 28809 576142
184467 996247 421654 134247
944422 296049 318193 653771
518017 590577 502977 820009
424221 773437 623161 557766
394742 376791 984326 826340
679475 347239 40009 687305
239404 837861 684399 920082
553551 718166 375569 42436
57249 342617 322165 756247
251868 261538 621490 525384
262896 386587 90641 922071
730278 991580 173072 305747
556010 342633 74763 988041
617497 272416 530073 895849
602748 174556 985403 710642
651134 238962 806835 940570
165313 405450 686163 783192
242761 179970 305568 947974
171722 640197 233837 716936
75300 22451 664521 142429
260417 123664 88209 945757
865895 192775 332293 247299
443505 706738 452913 322213
719260 66530 440966 446210
419199 408435 475840 807483
338753 674807 9268 897059
822215 138802 132498 128299
306371 922923 907358 71621
193632 406213 681084 16501
954585 282046 246485 51058
276591 216598 335671 972984
618982 934836 11998 310447
25055 903402 796362 877695
895089 625484 247827 862780
183395 981618 355165 433485
901799 847432 28686 403300
989346 740466 294397 74368
650478 289657 737494 175585
611911 740216 476957 789399
327825 126559 200420 31238
687800 512808 348185 764478
970923 296717 923063 906872
830038 201961 808362 795197
472731 340421 464146 53020
412746 651824 334620 148404
304551 214839 36827 926190
483371 565186 322469 759085
236197 740911 787005 526090
359286 565922 406904 851876
274712 175499 870183 882168
623415 910064 640803 418841
427483 773412 929432 263854
5174 173058 149801 272302
537303 674906 80645 339899
180014 57930 662655 822436
121453 110485 560649 846975
284719 235753 767808 391507
737392 995937 123638 683174
78774 21442 372683 434820
933510 220649 510711 438735
819345 313513 203180 106628
927115 361313 28690 309586
197055 131943 26038 701039
647164 12050 540507 671441
470340 119007 291380 485307
326538 952326 65569 385863
990981 483768 374546 291724
582355 391046 594965 93480
576010 802603 810541 771538
433390 415843 572788 687755
954499 53506 949032 729896
999467 998055 911794 816502
178442 252591 6669 25759
936569 655365 60267 488053
469101 44891 944094 480420
582869 983490 548452 409927
862578 266996 464701 932010
791734 477370 599077 65161
549070 959082 852968 23653
805405 216602 9706 200725
708138 23545 701794 214242
92610 938603 915982 344137
456905 625435 842105 276625
886760 75144 256049 718162
844372 938485 740821 491632
772386 684486 221947 689904
653438 870593 544344 339963
297666 289469 388975 497863
119858 908962 623534 701470
129038 871354 725452 95606
937289 500599 776748 854668
31186 291271 494574 415623
52211 798997 610811 233567
581737 17354 410115 862462
975149 792017 611719 939480
230531 523042 541828 502033
320753 546377 20194 726929
66169 241091 554998 747101
111384 423136 958233 347151
322020 444605 832487 58772
340437 9446 301403 384591
18465 903571 530103 93988
377484 355760 712350 487756
823588 696575 248172 145698
51288 131141 543041 853637
98353 422633 798123 345386
311510 246416 85985 572348
888517 634873 476662 995456
181185 544961 852368 587970
556542 294984 3427 138183
121923 575307 110492 368023
362245 707968 307785 300437
176853 568425 852599 580626
768575 202602 224410 580393
799399 824113 76764 324728
110553 892229 973506 678984
504028 891022 329152 788133
41195 952549 654482 719930
19741 711435 118367 447061
309280 468399 332704 730111
350383 475615 464445 37572
762146 555829 9215 760899
486238 765602 463724 49143
94817 285128 223003 484270
433901 863741 107009 925221
804380 968688 728370 730201
581224 777802 569961 63436
529338 267179 80649 746457
633231 533552 477578 637031
202470 476918 10814 264968
801404 43488 730058 578889
84008 327865 814280 864673
168449 347030 614991 241434
213111 940501 658482 89590
758067 199973 734881 982637
983722 155538 820534 660007
79653 275704 505964 499130
601655 648177 645639 241767
510418 718020 144810 295211
261073 86178 991545 434012
346782 972109 541871 705538
514211 912416 250889 234750
630818 46319 202793 98449
812504 192100 433275 854504
841783 111658 771664 962322
944660 814942 687868 461640
284321 308513 1018 229486
38733 468003 783173 751247
629661 553233 769921 839002
805069 171838 756389 906552
261043 186818 513670 964730
742111 281480 633636 809078
114058 179227 268888 919492
487861 129271 115810 79822
179584 605675 155949 53133
458059 959202 875510 932869
525881 902544 97777 79739
943150 834517 505881 395084
539340 432005 950079 164631
292169 119253 669358 551998
348624 524040 682106 790090
478229 729547 35156 207984
303513 795335 987657 145041
109337 164540 470064 193358
605682 926461 677632 723970
134234 722116 132781 822521
841674 662899 546959 233930
909054 230006 102035 289780
69881 884261 605574 453717
261044 510508 141780 324226
890745 923209 187039 538897
316816 603314 749685 815196
310337 395539 580693 107295
902169 679024 826570 960294
417466 906002 122283 673558
654625 566566 600882 345504
647659 942449 304745 299645
332070 988007 239547 655713
712340 697888 485499 819651
276668 148018 962568 363456
859701 594664 312987 868496
751118 265062 356588 408077
987790 540159 207716 101249
278642 545781 203711 414425
286325 979623 235938 966169
115307 380016 887948 936574
153846 36901 327406 558714
823262 68835 897997 58824
725930 141775 236814 522466
722240 620622 937003 52018
730603 128313 236742 631489
247944 418646 302647 305981
180824 708942 190126 646116
330213 6345 524945 712567
793124 809194 444097 300590
108784 149190 466855 734078
741011 794937 809004 953455
577282 838797 637171 253460
946450 27856 79620 910869
862715 817860 891807 356081
24356 672138 198157 397590
912573 912760 164237 935472
924626 475297 687676 586438
211098 927193 394044 178995
543989 712572 274186 250266
974300 863484 503646 628668
37071 757441 490603 27644
315139 907485 288695 669981
461785 366141 236345 830516
819384 993018 266739 211798
709842 375059 507009 640519
234731 982411 471429 39691
51090 80447 233082 528984
312391 501751 55908 193397
109976 785474 286142 299495
597134 101591 275740 95434
702089 926613 426303 88438
377133 596748 688811 423568
642647 425710 203343 51156
208593 3715 779188 699276
784505 579862 307861 493722
112943 464788 460958 455778
791774 976241 988604 783507
154993 118706 390930 633341
310171 359506 884098 342724
796686 930136 104175 511003
218448 96921 922737 133319
141537 533 343746 160208
318033 856179 757744 208641
415336 329586 635028 112982
221832 286988 140032 883630
368948 340555 816654 897164
936909 94731 57889 448917
283083 495496 525522 137749
617682 868557 167588 895246
786269 550763 428155 386895
533891 78594 44387 983506
703807 370983 510423 628550
196835 203999 487816 503066
658713 224547 54658 155230
690800 404113 25959 14231
466682 440183 735845 358463
721521 757856 102924 593384
622841 686794 966513 492002
20009 414192 390700 509390
319393 141571 873014 90256
869319 953043 208836 241755
434449 712607 842520 112809
595523 659956 747585 220675
996924 860321 840747 189027
912286 129850 890531 491245
320008 629534 630315 865016
198367 116143 540681 876477
884602 928391 954141 219186
126939 169042 743109 905085
465437 648355 874511 992172
996808 212228 552443 526930
755409 827002 664007 992182
408648 646813 605175 616121
331810 496858 536934 881430
423297 699976 845608 387004
562058 866707 355275 871347
550560 803651 854769 974611
8831 983944 906258 777497
176727 28404 879750 758696
611435 452893 512494 620381
220506 415236 775229 31054
422342 894720 628796 231528
67944 532055 821374 183593
26702 263337 79026 337164
561189 428 417989 617548
269537 359045 844373 58714
363125 624016 888827 418838
98102 957721 32035 322243
363646 387478 31192 632385
41198 194065 243247 350713
552286 221020 924668 621162
301563 186560 249486 860313
971457 202309 399488 189017
187633 474456 475171 835016
748269 435402 424304 62323
919842 803603 880280 654789
132081 198242 527484 904280
837356 543444 422899 806254
71474 620629 255351 37902
425203 796599 672205 9365
431687 407409 226693 395919
447694 711169 61373 909329
883648 131849 842613 576626
957759 988177 963365 172526
127290 929303 675582 161148
385803 393210 322405 211064
986739 633944 176997 513965
252313 902547 785310 170535
749759 108062 330362 370634
210168 270836 731565 64106
339395 567085 310350 768531
901908 255071 179256 746138
858726 183887 36832 375596
918144 484439 557190 340276
815462 261505 602134 670237
349821 831111 972487 766178
966037 888498 947207 739270
750912 762906 866732 999406
175671 569676 618109 778284
9651 138818 413844 150619
811876 326048 141673 239504
155156 484899 439410 675484
753893 579111 690919 241356
827128 200908 458661 991554
511846 319234 804945 996532
568886 703627 748413 421012
503652 58854 417199 685536
569830 482421 434009 533147
397590 875970 665048 860798
72268 605055 840021 165384
109099 490657 670428 85216
602128 835140 259100 942219
754182 833263 111333 995134
984628 874258 850636 825449
732236 857443 275480 916922
969912 56837 814281 447058
797530 850687 287356 131058
628852 7261 619061 700176
324752 129124 593799 834592
150899 188642 407180 343060
274079 143756 346484 743677
135527 640688 153706 645000
868665 562420 203951 995647
604764 356063 901095 264553
914971 949509 184565 19494
2978 401121 34283 608182
770902 410037 535000 393916
257935 458785 962332 180081
850863 145273 757833 768098
764091 130553 879678 741077
16841 36105 854224 72382
395015 8955 480564 960773
41618 864418 561454 376248
407646 351781 968488 651017
559880 719383 43723 356707
570157 549244 857682 669089
546470 657652 622760 494546
317547 757414 539743 745973
883965 62251 732813 110054
871674 90160 500317 669455
910270 911994 996173 536024
70888 415368 940475 978029
394174 93720 247399 16243
627263 388300 180619 532175
127264 843999 329652 167104
80248 100723 465060 982326
280882 707729 757622 158413
646089 251522 994901 87902
342861 341453 775355 969789
405826 997330 693141 47625
668659 707892 541171 516347
852817 109466 837773 436474
363691 42456 498738 751977
725753 14793 290702 606070
871926 344922 988354 651297
128857 715919 573454 263445
755318 469997 956524 46151
491967 626185 699030 106698
352741 214057 540689 951466
604243 961844 471997 164633
353619 461068 727585 729024
379530 722547 363678 959581
568002 171385 56516 816939
71122 977316 237687 684205
275617 982591 362694 371319
985943 198748 577184 572902
687502 928247 542925 100053
104315 785606 122250 602068
318459 727860 270254 218167
625314 24530 441820 711481
522596 799790 733758 415164
89164 800589 628868 986165
665142 182742 468354 401860
743513 133195 528512 581089
768143 167115 353523 43367
875939 967692 157412 158751
101059 294948 842380 221462
74512 929810 457712 449536
324379 665394 519016 894825
795320 11586 55035 716238
659729 828883 873325 511214
322741 676192 193976 495343
514262 745657 866056 176033
38324 322422 846855 366327
538336 612357 908068 20494
541641 306164 542222 167867
963273 365133 317366 734211
501156 975654 887502 515946
537612 52273 207133 660640
574128 328982 150533 335149
681879 962922 638838 190047
683308 183718 744421 501991
535736 674098 203941 322082
303767 369887 367458 63995
312783 722718 152382 20388
621859 666045 891898 505238
911586 688636 658691 793854
883488 307165 367055 657470
429549 367672 501868 934619
72557 559866 626144 980604
138898 868870 228001 757990
30791 580141 122870 177430
758594 632566 661521 145809
975125 160732 26374 223214
980364 472929 235343 405361
881617 132916 315187 783457
493365 113091 317395 925616
690260 573875 958888 446579
811625 330200 917977 950993
249287 815587 222688 928153
276981 829047 61339 369133
971213 828977 804653 795767
925405 741327 137630 761856
584906 383406 820718 260361
16782 883789 353935 987282
175236 367079 433226 840162
275346 293595 777998 715618
970044 323612 18298 927916
156840 325376 711356 132343
373316 569766 925192 731000
577179 65421 543943 367115
102267 358749 489555 34813
986423 486628 353589 298507
206478 885147 559298 180526
767820 96161 342206 19987
575662 557805 587953 462347
675709 100711 539505 883702
905946 224823 511243 912169
592492 110207 901563 669677
379702 666538 593148 234583
40854 931762 867217 873097
507082 444696 429818 108355
170539 164191 74138 237003
514394 845994 186645 733387
713799 615303 185316 779905
899630 319996 149391 54426
857310 546542 700979 765503
891762 5752 615360 879446
353746 561862 920295 397289
379130 992303 327599 158887
92247 838990 791731 431090
383884 48704 172943 495566
25488 320694 182503 692073
884137 890672 892750 681166
792513 990502 388234 837186
127443 701085 908309 636381
270049 176861 539285 993170
501526 824418 644895 809691
65346 184213 212378 826009
520951 24946 747356 716492
520312 279943 40117 324651
483677 256110 311224 617879
765503 388502 87441 198464
183561 273956 635800 193971
449412 155109 949312 630372
760070 253354 381657 303870
650687 208885 393299 604548
237058 342124 580250 402972
513884 319607 824352 312748
450623 12286 446617 251226
328727 903180 11520 288247
487314 298357 743297 264114
90562 699752 603927 650921
755512 434662 596222 52033
374840 361877 444082 910517
813367 826329 455220 118739
901665 459672 431779 532463
551915 615120 51376 994455
696255 668862 125624 573199
288734 485982 154024 684947
356282 329923 125834 707574
81543 99189 904074 832349
3694 117010 356756 515306
52242 946401 234964 814327
388363 937877 767330 964239
821801 973599 536480 981928
812775 633942 281492 847411
419681 57419 939467 898325
479423 934034 412732 967095
370102 872281 644304 963332
758120 366069 382287 764716
367414 263626 672661 681311
705778 846627 960299 396563
799486 470609 865872 332651
153828 620224 808816 252360
986873 179788 746704 566127
44033 67643 226079 328026
230032 286843 619519 891106
356831 249683 547084 446324
220174 382063 99268 855918
328199 870267 935599 524437
997253 996083 311696 70878
895653 664060 717172 503877
908742 621367 131411 130761
713725 317443 644301 875378
753096 707435 709299 399598
684603 973332 887655 110018
390767 6270 113178 504034
506792 260740 141291 174275
816796 751140 324986 953700
556220 869616 624080 304837
548551 452328 350951 287072
144952 633743 242034 68835
897435 591710 401136 463871
552984 224642 806426 527038
158843 686656 49314 533113
155613 577373 600242 495280
45955 363588 336623 693805
122485 436086 247128 957094
708761 850725 342319 966067
164645 608090 916700 843620
18198 423918 22395 18240
71295 160984 78972 501276
709683 628625 433260 817499
804655 367677 413518 72268
70883 511860 278178 29601
389848 317617 263590 704435
162428 310231 342004 345495
25674 795349 467153 918913
176554 484572 186628 87233
271122 361902 676129 175255
745059 461131 649638 286862
14966 983286 487272 56894
592159 984473 242217 540314
299750 8735 623516 749531
17688 59829 589483 145756
126587 437327 656100 742938
760007 18977 999197 255565
379929 21474 507147 885575
316302 840955 753110 96934
770239 869737 479409 974687
87064 133406 212051 599231
911103 153117 278536 992815
2663 80988 973562 358532
576062 440443 96247 403955
511519 420978 852452 115378
355783 275514 437222 118532
442171 819142 28651 928925
544852 191118 486305 665396
594064 407641 896675 421964
529273 525699 911224 246777
10677 52838 576007 833444
399531 752002 705420 806331
838131 951481 221122 498154
715982 198267 781684 588474
29448 906111 877985 872399
842232 727986 1939 132609
322051 854409 768199 93789
539038 659283 992903 146279
197955 335863 159708 80703
800287 139274 922706 632677
123055 228973 82543 872803
913179 824154 860386 537732
255503 324302 538981 281587
333824 49863 778657 311498
323991 249778 197988 477571
221826 7620 613856 38749
218457 914487 773573 487716
29756 151764 13095 65810
257456 943955 575914 923
700323 153104 985228 597018
667192 91501 168313 820246
850658 597383 780527 307350
873033 233027 492023 204410
200503 781178 167094 489838
250083 364935 470688 953341
460940 387684 928626 816646
468040 192536 338894 198925
196926 357639 896434 780616
870499 986990 769983 702093
531441 646414 793622 706347
230570 638833 52710 943489
279105 895294 425257 768296
5180 890027 20319 279103
219556 60671 146701 472185
330871 332463 610041 863131
35020 414949 825253 723684
276727 817326 538989 619467
872240 969148 711451 951595
852079 350919 597329 251079
147490 299098 7233 588196
939702 278240 802119 511918
937139 686830 948611 691509
927406 321126 212049 828144
796704 939548 416216 660472
495537 461708 6835 344543
462535 606778 342740 280105
223897 832759 609385 631373
727545 172536 173621 216505
890816 93702 229702 261489
77865 18323 936674 248959
560733 873816 206768 55397
605453 669495 10927 39980
490788 256608 334144 450917
590537 100889 344710 154930
597222 214377 206223 133461
892900 157643 225639 618540
90617 392911 983825 791846
180172 40729 350414 948165
