200
825 380
694 710
463 992
398 544
960 571
919 300
615 125
240 838
360 688
867 544
485 132
404 610
915 270
765 111
480 616
122 561
337 202
936 332
454 474
587 190
121 409
613 56
598 272
71 165
148 662
64 705
348 378
631 630
777 654
639 285
256 117
823 950
156 70
996 368
922 632
277 144
230 425
972 980
522 599
806 172
462 328
457 561
18 841
933 99
622 129
623 662
640 781
908 803
437 371
752 404
346 695
137 821
909 19
793 650
530 605
346 198
156 614
760 680
370 967
840 551
53 489
889 332
826 874
30 431
70 557
495 655
626 604
96 537
248 846
57 57
958 938
237 617
156 346
793 978
543 734
217 637
318 545
313 295
240 764
722 388
366 685
950 555
121 399
509 68
828 270
232 250
364 890
67 710
377 734
161 642
286 22
591 243
421 302
788 393
908 415
995 175
294 185
457 667
932 204
924 252
760 226
525 706
904 210
415 255
548 650
104 860
432 847
816 377
248 822
749 933
417 710
734 604
687 829
46 357
590 956
788 806
606 40
524 334
680 179
839 245
325 800
427 342
152 994
590 206
611 472
262 104
59 946
778 455
588 747
441 219
93 521
347 126
568 721
881 9
141 275
574 673
100 113
661 12
547 958
168 582
18 982
423 250
773 270
936 226
321 156
68 786
503 655
353 989
715 213
222 267
549 244
439 11
557 67
775 686
944 531
358 306
378 395
423 217
387 763
847 468
213 749
260 746
866 449
83 89
551 737
298 113
722 561
824 798
41 872
735 281
233 266
683 14
484 797
607 604
963 781
743 237
153 324
105 617
40 196
930 884
475 531
66 246
106 118
692 337
789 181
280 996
85 267
365 86
593 37
207 757
576 775
112 696
115 553
496 146
134 924
511 937
244 950
496 437
399 525
331 116
