1000
305 870
574 774
686 296
348 621
690 891
352 119
379 864
991 545
302 590
916 347
433 449
163 150
992 935
84 802
421 93
234 11
364 802
460 963
129 419
20 203
907 158
134 917
585 978
398 105
320 926
925 651
384 961
570 717
483 639
856 657
781 895
274 796
619 304
133 784
292 768
289 152
213 558
646 764
502 135
323 953
160 812
819 465
707 866
56 644
43 304
201 462
833 14
397 51
584 420
671 109
714 355
955 213
43 611
322 609
708 634
254 660
782 257
51 524
459 345
252 227
220 437
261 396
35 447
884 436
226 725
59 248
65 843
36 633
269 348
838 469
603 160
372 285
277 651
423 924
634 46
480 246
250 687
882 460
536 502
876 540
207 347
747 104
946 158
945 950
817 369
140 658
122 875
342 231
775 632
343 78
299 674
475 951
34 881
33 534
251 972
782 283
583 662
818 529
839 315
512 173
880 669
722 884
617 170
40 364
548 167
196 609
188 417
0 732
264 7
199 931
133 938
783 592
286 723
398 948
236 426
202 599
50 270
615 268
144 685
472 726
694 946
610 851
745 240
55 855
813 122
16 527
124 39
488 176
376 236
261 706
700 844
675 175
70 677
138 368
435 587
111 125
913 166
341 579
80 410
896 821
574 939
488 851
291 282
360 873
398 944
972 752
178 4
42 19
22 846
109 950
89 855
446 935
287 168
824 462
425 179
899 984
277 983
842 322
12 869
561 507
999 380
546 818
802 476
856 93
259 327
773 418
494 542
17 137
769 844
186 90
224 216
452 744
900 307
566 578
739 561
107 237
461 51
671 327
479 153
610 802
673 41
897 238
694 308
335 18
535 653
160 940
593 612
567 79
578 191
523 639
267 388
576 169
271 196
881 200
972 605
526 251
865 1
472 702
149 406
878 784
774 412
345 410
301 879
585 370
973 523
41 741
230 459
619 297
948 108
932 323
659 658
876 853
251 796
767 73
486 302
770 81
598 894
902 255
518 152
98 5
123 424
82 604
380 77
571 76
75 754
825 908
245 704
772 92
498 39
305 351
824 254
875 950
549 390
133 356
876 890
160 282
428 885
995 661
945 445
468 229
638 490
754 940
114 624
617 741
980 306
19 357
332 967
600 486
889 278
320 788
56 281
114 48
868 924
781 245
445 603
788 237
992 161
212 133
30 502
277 222
508 381
780 834
933 329
987 600
154 437
578 644
463 900
562 583
946 43
487 738
969 694
696 476
720 679
122 64
153 856
748 996
22 338
597 17
517 282
651 27
339 574
939 141
376 864
986 649
68 11
158 109
385 936
327 421
811 563
481 573
948 597
738 180
760 366
908 995
827 939
402 265
961 158
745 46
880 569
630 234
247 289
41 156
866 148
519 465
736 457
157 455
633 526
694 606
5 848
812 275
500 591
713 447
108 687
772 56
388 888
21 345
838 373
971 212
566 444
117 307
645 286
449 587
810 634
493 261
728 53
443 461
516 139
770 346
340 323
818 548
708 880
372 353
56 852
671 528
614 201
896 947
159 865
32 613
857 118
308 736
196 399
613 802
49 861
395 701
400 591
250 245
743 817
518 329
476 567
294 129
30 54
16 726
938 304
304 521
91 445
356 394
917 975
973 687
484 685
481 323
982 518
629 73
140 790
866 43
474 243
185 906
132 64
368 0
537 39
174 723
822 615
205 646
600 296
666 844
366 545
643 837
292 632
786 648
819 373
676 588
777 517
870 525
418 861
795 184
425 907
184 968
608 929
470 998
996 480
809 684
679 846
49 634
12 954
157 616
51 678
470 913
638 237
967 184
440 136
358 357
915 2
657 587
336 333
32 660
262 472
403 393
542 42
886 782
512 244
889 870
674 631
890 220
693 52
644 612
515 829
6 680
808 162
799 744
317 42
284 776
139 569
989 815
403 432
337 548
777 93
106 52
942 982
222 729
143 901
336 445
208 345
334 537
621 889
780 289
943 266
442 14
469 399
778 234
198 707
498 903
2 79
133 994
193 947
115 418
463 387
785 19
704 172
286 652
139 577
788 100
348 863
628 732
572 109
979 331
424 595
602 654
273 581
477 358
161 87
459 81
536 94
267 674
830 472
798 837
117 766
834 485
289 100
314 169
421 278
1 343
932 201
449 521
677 236
450 428
930 924
199 995
411 780
729 380
242 111
90 40
780 221
146 930
816 61
990 580
964 502
173 754
699 713
83 938
858 850
665 235
389 477
938 557
609 27
165 939
841 658
483 713
348 632
438 872
767 809
710 726
766 913
845 326
739 126
872 895
242 724
315 607
759 307
349 295
342 481
578 355
467 317
414 278
444 675
623 592
77 387
221 718
776 311
567 215
956 158
262 298
432 110
703 844
197 959
885 182
353 832
955 632
0 465
892 658
235 131
779 704
886 314
498 919
655 862
287 119
305 561
303 807
596 405
714 604
427 501
565 511
0 363
786 172
236 398
936 421
397 624
470 902
1000 599
757 110
531 923
561 439
395 931
244 905
245 678
664 671
897 610
716 451
770 104
5 806
808 531
824 399
659 233
941 55
800 512
163 866
649 281
366 80
398 235
379 31
766 13
240 116
203 536
624 43
403 703
0 40
654 310
398 7
556 406
937 615
549 431
304 81
701 130
877 468
318 978
524 325
484 907
911 516
19 874
671 959
889 101
261 957
581 119
927 815
144 622
618 840
452 748
523 599
29 629
803 176
726 625
75 707
521 669
582 352
514 929
700 759
502 717
122 383
733 813
14 624
559 806
999 10
347 248
268 249
181 393
315 366
725 476
703 611
486 183
475 65
965 924
889 30
967 617
27 269
229 714
814 268
918 283
387 834
645 677
804 272
861 560
882 717
61 954
243 744
826 93
981 473
569 884
575 828
422 828
681 25
6 510
621 489
162 664
532 650
507 438
971 548
684 134
251 719
480 635
254 63
43 656
649 91
276 381
659 881
445 662
744 314
192 869
734 178
86 496
365 156
797 784
91 127
17 421
444 458
854 215
773 514
844 533
686 98
209 802
329 247
167 320
248 63
170 920
703 468
186 920
557 171
906 543
115 200
919 218
169 960
55 505
700 129
898 716
127 556
456 621
794 413
973 960
344 11
829 551
491 284
745 889
672 391
604 599
861 366
92 50
986 152
878 633
995 295
781 610
959 416
734 309
58 826
214 623
261 906
937 318
782 963
115 613
305 163
210 113
523 119
668 839
885 532
664 738
83 184
30 655
899 356
872 44
371 750
675 517
341 442
853 753
859 827
210 519
615 132
651 293
369 824
765 737
469 902
977 947
71 77
688 768
737 507
521 273
993 549
84 937
244 887
398 174
104 42
268 448
274 985
404 727
36 96
998 863
90 617
923 108
926 466
930 368
338 904
207 529
86 218
760 795
802 935
636 582
712 367
1000 399
763 868
550 374
501 446
904 148
653 965
635 394
202 690
99 232
797 827
520 181
337 262
941 443
482 379
810 220
742 798
193 153
79 243
620 992
317 574
486 471
695 246
415 362
889 632
376 377
920 388
926 434
230 293
938 770
3 809
663 55
793 616
410 936
342 7
934 623
124 181
61 145
954 555
715 610
237 39
877 476
402 936
426 173
511 462
777 271
197 108
816 587
478 329
307 541
59 487
856 674
536 686
329 672
912 272
957 395
687 83
50 285
61 365
170 178
960 633
227 483
815 529
913 877
872 76
247 99
852 526
232 84
317 6
259 481
685 422
122 908
464 887
917 498
968 9
536 776
886 426
479 597
915 281
390 829
939 612
248 344
594 190
480 918
903 335
793 887
673 990
773 490
530 371
851 278
400 994
355 693
552 853
158 307
611 802
701 950
373 450
639 524
615 240
342 975
426 445
174 178
544 595
193 595
914 438
418 896
34 516
710 919
226 633
61 965
37 994
368 504
650 675
347 133
142 351
329 800
414 128
20 313
738 616
324 12
301 498
768 64
41 625
837 226
649 422
739 613
529 939
11 424
676 851
510 217
690 507
413 502
207 47
449 35
151 707
688 735
505 645
509 790
704 458
846 156
123 755
100 550
810 739
148 278
11 416
884 769
351 751
373 478
664 958
851 979
883 273
697 875
370 640
668 715
956 191
773 123
7 95
810 618
599 602
555 872
540 560
912 442
127 278
735 599
536 561
830 566
979 150
817 854
768 382
783 905
458 792
104 283
573 507
408 645
898 377
535 87
954 113
414 132
475 80
228 507
435 529
258 494
340 169
771 1
272 826
825 747
724 746
795 393
858 979
833 512
285 606
994 402
329 380
565 798
61 254
970 841
254 578
681 648
302 778
650 700
194 93
956 862
448 745
223 874
729 962
950 379
301 328
751 803
604 338
798 118
727 900
952 166
636 3
307 522
973 749
913 550
284 569
580 832
308 246
555 179
939 751
467 508
906 740
400 14
832 161
97 193
432 843
757 248
220 166
251 202
307 453
64 833
183 820
88 327
73 792
835 909
991 845
514 734
969 92
127 681
538 984
615 895
905 163
283 383
963 970
302 343
277 106
51 374
829 805
