2000
364 435
451 332
360 525
462 891
991 197
252 151
966 648
240 91
208 318
366 912
332 853
234 61
868 698
232 548
739 489
340 723
306 928
878 50
283 63
254 835
223 159
742 951
582 422
753 963
263 575
903 228
132 571
84 907
480 592
547 962
556 67
296 72
211 149
198 172
152 420
47 898
15 299
310 79
722 217
922 464
55 695
549 395
58 337
734 39
443 772
979 254
304 676
990 137
413 666
74 164
566 77
66 66
852 718
969 436
108 915
51 866
775 908
109 893
651 563
448 402
1000 788
785 708
361 755
736 969
242 304
529 382
967 74
611 499
302 906
78 534
488 37
586 558
790 933
977 577
157 228
727 76
87 598
249 508
147 42
513 85
579 478
538 422
489 748
915 415
426 350
238 264
969 543
516 736
887 805
448 469
579 115
726 730
356 936
494 642
161 954
369 793
596 285
289 297
849 515
788 332
985 517
32 178
577 604
233 471
514 165
248 231
127 416
913 961
381 80
194 53
907 244
455 315
94 116
130 642
911 69
896 818
823 998
308 70
453 746
294 664
219 407
221 983
774 779
568 999
564 54
314 949
757 277
968 820
357 584
583 707
433 509
101 709
925 488
257 880
674 969
422 994
554 815
14 287
646 336
852 390
739 281
77 657
25 497
673 723
644 363
344 367
715 149
41 385
802 740
126 524
997 920
436 698
32 665
76 372
26 221
212 774
825 947
868 74
878 44
729 370
957 922
298 985
508 754
69 16
646 541
284 450
446 749
544 694
26 680
598 493
311 279
762 482
671 446
89 328
889 599
613 306
427 225
508 177
822 676
600 853
26 425
2 907
865 536
275 489
750 449
379 416
843 712
159 641
33 86
620 592
25 326
847 42
351 754
432 447
427 710
464 749
587 17
843 492
217 890
225 519
294 364
154 831
734 768
812 940
125 971
910 714
794 294
302 15
18 224
818 914
514 790
337 750
512 234
707 92
607 894
474 319
860 873
943 366
929 794
579 558
430 94
630 667
990 781
994 911
764 910
11 673
837 293
494 400
731 183
80 350
252 434
286 802
927 416
534 466
283 576
796 212
178 957
936 874
201 77
499 3
433 413
680 76
52 846
759 198
494 870
658 666
194 902
818 113
388 769
343 328
498 136
917 717
993 693
63 466
628 576
359 490
204 525
638 305
319 640
246 978
791 723
877 57
509 663
25 617
43 232
77 42
488 695
34 311
151 886
129 969
432 54
329 238
287 747
456 397
346 691
689 896
729 16
376 686
766 874
209 585
511 656
376 66
145 243
430 49
647 972
854 734
735 44
317 847
279 602
694 224
107 83
405 167
127 678
360 707
913 459
996 256
947 184
947 103
351 626
186 651
359 788
593 528
61 293
414 705
4 838
858 564
803 971
48 639
32 542
755 161
589 940
263 943
524 829
13 496
330 299
768 199
912 767
941 538
889 408
818 364
243 124
225 969
879 421
831 227
50 360
918 51
74 286
823 861
873 547
212 523
131 886
262 688
918 734
719 345
221 221
494 476
814 483
341 416
606 711
840 794
527 342
413 878
561 751
688 84
115 402
2 824
664 986
548 3
256 451
187 190
875 722
175 622
888 191
709 125
501 573
272 99
604 704
20 152
710 752
443 199
658 799
367 839
783 755
592 68
790 58
577 798
410 36
276 286
378 443
501 408
776 9
257 660
197 441
196 338
504 521
203 152
703 475
987 127
961 476
447 671
973 712
486 287
73 869
558 644
232 975
360 953
551 897
393 288
70 810
202 180
88 542
604 773
968 284
769 559
898 205
957 591
59 768
823 101
517 79
374 340
439 291
994 387
421 178
483 457
560 921
483 138
228 474
569 172
463 851
747 996
269 694
327 635
804 489
376 938
292 44
210 701
398 676
786 566
452 709
531 256
772 489
141 239
459 415
818 846
193 246
65 215
477 812
497 72
659 27
269 216
286 696
142 113
688 482
890 515
176 244
632 697
877 789
122 115
458 582
631 86
948 666
673 956
151 739
76 125
122 161
797 479
977 267
627 239
706 555
292 563
837 982
774 39
681 284
397 195
732 940
178 109
489 820
811 703
22 89
585 387
274 542
821 297
434 632
779 962
85 354
576 335
445 125
319 687
70 623
409 3
808 780
32 361
352 156
745 2
655 346
608 562
991 470
101 821
325 875
729 931
493 579
294 300
690 920
20 486
340 996
897 799
988 290
115 316
606 272
601 744
769 91
918 29
895 962
420 147
416 251
139 235
182 972
412 34
490 448
434 46
509 106
488 2
547 107
817 838
410 222
223 290
329 279
340 554
622 320
213 108
744 271
904 451
856 981
812 677
567 247
924 523
883 900
850 904
259 879
797 294
204 49
747 302
94 589
3 226
335 942
552 968
445 313
306 909
157 376
281 982
846 373
915 282
717 280
779 388
144 487
111 290
10 327
535 88
951 236
782 651
149 443
310 932
943 69
792 378
421 174
304 674
453 275
157 473
649 255
805 739
282 702
351 193
957 306
621 978
951 788
208 817
502 570
514 993
773 135
866 419
710 639
568 683
56 1
541 914
897 460
845 621
84 763
447 651
997 117
783 624
222 924
806 660
165 417
586 927
697 950
91 32
901 381
498 72
791 1000
872 693
993 945
575 823
45 176
459 274
503 205
334 480
868 461
44 963
668 674
397 668
49 920
971 593
616 986
736 904
448 89
826 543
69 298
46 104
12 31
525 497
594 666
220 813
983 99
980 759
811 936
427 848
977 981
557 398
297 267
99 503
577 417
38 772
604 374
808 747
398 901
730 523
696 667
291 469
971 294
150 34
45 107
787 55
61 197
838 786
931 184
3 85
449 761
635 738
291 820
370 603
605 240
648 252
960 562
915 834
301 266
301 211
76 978
262 917
167 11
360 433
760 582
856 385
394 352
28 517
282 500
957 721
697 755
522 759
706 480
288 564
6 982
88 335
197 281
176 849
935 768
229 866
104 224
721 553
735 480
961 146
1000 389
921 77
6 985
499 398
821 657
465 365
416 136
117 985
725 660
401 417
873 534
722 400
334 763
463 574
394 738
209 816
644 678
481 765
137 780
781 730
540 560
575 581
373 224
30 120
353 171
257 636
108 761
721 418
415 805
424 714
204 259
418 399
890 359
430 454
310 154
653 515
793 654
412 212
805 780
88 681
960 981
645 51
929 940
916 320
264 740
449 124
439 862
57 445
679 756
704 437
461 85
340 678
176 763
744 264
157 959
302 823
857 928
266 98
471 476
437 189
62 968
598 876
581 502
274 842
343 391
830 981
578 980
536 656
957 794
209 0
684 970
869 549
780 537
330 433
143 159
628 113
671 981
785 110
779 85
328 718
383 24
135 120
170 195
902 208
630 293
115 712
482 187
279 382
660 5
314 329
828 715
556 669
823 220
922 901
916 192
852 672
858 72
372 821
161 581
597 386
523 296
32 303
487 416
287 637
93 145
20 952
709 740
55 1000
321 709
742 781
669 720
83 679
746 788
897 106
240 465
203 481
127 552
444 755
400 474
748 805
932 838
128 787
234 226
638 787
876 590
177 887
665 605
762 650
893 901
821 918
209 59
767 527
603 444
501 749
604 722
45 637
939 87
761 915
560 35
842 478
145 558
28 309
103 998
836 4
304 925
556 539
7 207
624 894
333 188
236 974
502 741
557 931
56 327
236 392
600 51
341 450
726 860
87 541
942 763
817 887
958 854
963 181
366 35
443 70
472 637
289 757
826 775
172 534
432 568
486 745
184 972
620 619
688 766
909 126
739 918
453 889
978 542
983 322
808 380
125 727
987 137
695 52
872 251
601 792
25 448
175 271
127 219
484 939
846 180
504 982
820 846
778 671
595 42
911 250
900 490
562 909
582 73
598 245
41 365
670 24
716 579
840 323
312 30
342 956
303 826
7 998
339 378
299 992
486 798
678 740
528 556
999 862
754 928
351 677
128 512
349 803
508 84
90 938
879 449
333 61
476 333
711 975
515 937
500 560
384 561
540 660
651 434
504 449
102 651
978 359
206 309
965 991
306 766
2 509
309 394
357 142
782 154
616 453
612 563
526 433
659 271
69 379
280 324
126 568
102 422
629 191
592 194
92 127
423 407
445 817
977 573
757 649
775 342
814 914
780 97
941 611
53 729
333 763
717 235
239 541
575 676
980 706
923 459
533 193
631 183
583 795
955 16
197 106
54 695
756 144
309 538
815 316
274 453
786 611
294 459
779 459
350 690
746 570
394 51
421 187
70 68
126 848
744 817
782 776
548 768
961 508
338 989
893 104
121 379
583 883
630 765
66 529
349 890
595 109
633 390
664 36
303 503
846 816
289 889
913 324
635 314
444 87
884 863
435 857
862 494
726 966
936 886
580 561
247 290
814 288
170 109
420 543
92 360
117 260
832 671
71 147
633 660
788 861
994 196
893 360
36 787
98 688
153 602
803 80
775 917
995 876
181 406
6 32
82 968
536 294
392 111
523 117
646 675
491 695
248 881
390 291
172 350
950 802
986 139
665 669
307 594
582 120
979 159
428 142
659 60
235 448
918 337
700 205
350 820
798 4
572 345
33 135
57 885
934 738
691 49
652 125
490 813
367 458
490 2
332 435
294 882
377 919
658 741
251 167
546 27
973 753
998 83
590 950
380 367
775 681
994 491
385 447
73 370
813 584
841 983
821 100
75 196
144 44
518 648
638 354
59 490
210 487
496 984
544 208
956 886
922 376
695 91
230 361
489 546
510 328
164 542
46 12
826 403
353 351
958 947
425 676
230 627
987 235
201 23
568 305
819 630
843 969
627 672
859 444
440 188
776 575
560 672
981 961
68 935
270 513
828 550
747 260
0 909
615 46
841 396
232 758
658 1
767 899
744 442
625 545
101 383
532 147
321 797
494 512
433 317
222 507
471 266
509 732
433 982
584 604
972 662
646 593
958 789
968 280
321 84
626 184
92 641
646 173
377 750
49 472
35 119
773 20
447 957
321 325
992 884
47 197
810 504
370 273
900 837
11 846
319 995
709 431
261 860
728 123
876 766
17 597
494 132
167 154
738 584
537 873
460 573
132 264
595 641
34 186
334 916
162 935
89 719
720 806
871 311
450 396
574 414
904 818
609 520
688 583
68 110
971 643
730 616
188 509
2 950
59 217
31 256
947 757
894 873
229 458
348 453
134 957
965 519
860 742
647 693
897 427
164 200
514 576
468 81
635 636
391 907
836 441
187 873
552 324
797 19
253 945
419 15
484 212
584 653
404 783
817 321
288 613
602 956
660 590
921 601
589 769
588 269
228 122
821 179
518 841
109 456
188 217
805 349
631 708
337 706
410 642
790 748
441 228
735 746
607 489
948 381
1 139
853 861
184 930
587 682
373 83
963 658
254 497
480 869
3 568
95 817
883 126
867 34
350 323
572 904
862 900
650 340
953 593
654 201
90 797
54 202
865 547
597 161
198 313
495 538
729 713
486 149
944 666
402 755
16 238
769 637
911 824
656 801
392 713
546 238
74 140
556 970
576 530
208 507
662 117
650 90
389 692
862 507
640 691
779 41
390 612
310 118
689 411
635 298
727 898
133 907
474 994
604 463
3 761
691 588
196 804
387 87
76 371
546 131
683 949
199 848
369 663
566 921
690 215
257 405
563 713
622 237
153 352
618 729
430 590
671 611
587 613
114 969
601 234
153 192
256 5
32 867
775 894
547 165
978 323
416 926
829 268
702 493
954 626
147 372
979 248
681 325
782 737
761 156
748 387
538 920
730 311
148 230
898 777
745 432
680 250
962 677
385 995
119 131
447 647
969 895
309 615
339 465
782 557
348 333
150 929
622 836
450 713
54 171
694 316
509 343
554 268
307 369
290 214
609 80
52 927
314 172
435 576
207 396
344 501
670 550
999 606
533 553
982 477
539 316
406 939
879 924
633 674
987 75
891 80
326 853
998 249
595 190
352 590
159 616
519 293
935 328
442 739
327 480
417 634
679 268
148 371
659 453
373 177
572 352
78 947
810 933
701 203
324 87
64 820
726 899
692 585
930 447
520 433
71 869
113 363
730 50
996 196
789 675
950 536
489 76
643 82
481 429
313 451
976 909
761 838
292 683
524 20
270 583
242 106
953 582
807 907
735 120
260 975
376 476
122 228
437 103
308 227
795 272
899 674
766 232
778 525
760 951
751 880
596 600
179 276
490 629
644 124
395 850
341 558
208 693
365 8
105 735
940 916
131 221
676 660
179 143
912 224
340 414
959 652
336 469
104 290
665 328
492 84
78 57
319 765
157 262
934 636
71 552
773 981
234 154
441 794
528 544
912 313
368 36
217 159
547 763
781 306
542 29
671 914
830 575
654 359
598 723
442 493
341 664
894 200
364 521
787 939
284 702
458 497
575 86
405 751
826 420
372 762
526 482
392 968
503 293
337 966
352 70
161 304
34 555
617 422
243 520
572 874
207 65
156 680
142 448
898 352
229 318
532 445
264 987
896 673
73 358
130 734
833 49
893 0
209 296
83 309
929 288
624 727
524 114
664 968
366 544
36 62
472 396
169 586
21 343
215 934
634 759
884 977
69 938
177 467
387 488
820 301
681 934
638 254
406 624
580 413
71 692
480 481
652 459
542 883
169 223
221 661
296 231
236 564
892 155
840 809
345 789
89 849
783 420
461 868
188 878
993 753
802 217
291 200
752 393
97 619
829 650
685 852
874 351
764 286
881 400
528 670
385 624
594 764
608 596
392 796
72 552
835 764
278 101
329 569
582 625
592 418
315 520
298 42
190 807
200 776
963 150
626 304
203 594
483 623
806 11
118 640
75 42
672 627
143 136
520 597
918 153
750 157
66 869
548 296
633 766
815 520
95 766
466 624
283 427
536 685
670 540
977 221
403 771
219 942
478 121
554 796
917 308
267 558
846 293
926 993
976 868
164 845
949 437
618 752
578 151
512 613
307 42
561 763
100 229
668 461
164 514
348 490
98 378
868 913
547 759
118 146
276 385
25 909
603 792
391 546
941 546
106 514
143 492
743 488
562 836
691 836
18 460
535 756
83 159
210 192
734 303
854 529
181 539
636 31
526 661
156 266
176 800
163 569
394 164
934 564
527 965
160 722
908 646
644 50
996 685
895 442
898 781
891 584
802 246
930 706
728 130
638 731
311 810
836 923
642 887
881 585
842 499
145 739
808 934
221 946
581 289
630 312
204 891
59 984
4 231
157 987
338 411
247 162
884 111
524 125
364 994
229 341
636 207
880 559
539 197
309 937
788 504
178 69
789 321
422 323
975 1
628 210
480 773
74 711
215 297
167 927
834 786
345 697
330 622
751 440
390 377
982 316
641 372
984 700
199 723
751 11
376 503
27 642
571 681
823 111
828 219
643 971
107 57
394 741
973 723
376 426
961 573
781 387
249 988
109 592
834 424
948 439
145 668
305 356
272 87
268 705
625 702
370 753
888 373
972 47
804 424
696 935
781 928
889 201
839 987
61 439
595 932
353 740
562 806
662 623
341 67
461 816
306 812
890 657
334 764
830 814
993 577
36 963
529 512
899 244
410 368
853 383
469 537
755 445
779 323
649 977
499 551
412 446
191 168
399 923
419 865
355 497
8 880
597 34
64 635
744 465
252 194
157 726
931 117
931 731
33 585
623 367
911 788
873 261
678 29
2 836
789 461
617 512
1000 234
708 427
482 140
659 496
992 1
37 298
311 684
332 122
815 639
470 754
2 328
456 885
834 112
794 732
113 621
194 558
78 997
949 161
213 703
589 911
928 518
76 299
19 510
180 743
688 920
697 303
909 322
92 550
556 428
854 406
719 742
83 64
409 486
707 300
399 354
743 963
366 916
654 218
790 995
737 926
950 921
599 595
61 340
109 15
671 842
278 642
872 657
872 208
921 206
672 415
819 457
819 530
56 77
802 218
494 119
875 859
121 383
516 237
585 475
772 512
274 372
334 355
435 421
369 486
832 130
555 87
225 400
814 261
653 715
774 487
618 772
425 590
612 454
919 416
752 367
243 87
33 780
465 509
416 108
405 73
582 787
287 253
973 239
533 978
610 852
624 861
28 619
158 444
53 961
295 816
965 745
897 146
478 309
412 752
847 658
241 834
739 42
860 665
682 613
296 252
121 636
668 908
758 967
78 419
608 20
567 490
942 28
344 875
759 451
629 123
794 455
165 347
775 257
36 818
808 682
890 158
315 867
444 798
873 538
986 307
944 305
696 467
538 638
132 92
723 691
558 709
108 306
624 420
162 20
420 79
729 583
623 356
211 781
60 250
761 367
960 749
568 43
492 544
704 847
657 422
832 131
733 502
951 270
552 223
1000 923
680 661
424 861
897 192
876 13
983 157
409 732
170 26
309 626
588 686
282 778
856 64
847 882
970 192
430 27
516 99
530 683
108 282
447 302
385 796
735 964
41 93
335 416
77 501
406 484
47 64
768 373
907 418
137 923
806 761
805 860
626 393
468 173
43 67
210 333
670 574
871 749
113 648
922 907
239 879
246 442
313 169
957 213
7 22
252 400
973 331
521 958
572 444
859 205
994 776
126 897
654 618
416 595
932 409
565 798
66 757
973 892
843 488
341 871
358 282
678 633
93 916
891 239
603 902
516 301
67 114
177 219
473 460
71 968
902 79
140 0
499 730
931 899
920 696
40 78
643 925
519 986
540 868
455 483
766 722
710 18
270 344
185 419
961 37
726 317
684 423
718 431
207 546
771 761
777 929
732 357
316 244
421 716
768 461
764 244
690 981
316 247
862 5
213 975
591 123
204 809
845 524
166 744
525 309
961 919
765 196
435 435
926 128
964 104
358 355
53 804
97 599
922 34
936 351
974 284
423 606
343 194
963 121
770 547
736 989
113 106
552 614
33 89
128 127
113 143
168 72
288 776
576 633
457 341
866 28
984 134
260 384
735 594
38 275
544 363
168 611
283 258
318 904
506 288
763 7
811 332
568 827
805 685
469 757
382 851
589 433
920 251
849 372
66 47
645 125
993 217
751 915
925 335
507 618
493 810
819 843
