5000
986 544
432 717
905 540
84 924
160 409
296 265
960 743
16 887
701 946
230 317
51 645
948 719
437 875
879 679
16 231
628 187
948 901
841 247
622 802
517 382
123 498
206 630
484 22
74 216
322 196
556 860
541 800
397 364
681 131
892 434
138 960
736 81
722 207
87 888
716 938
109 828
985 101
228 387
698 875
224 196
986 421
232 490
353 511
707 163
247 49
555 862
841 101
667 933
913 703
61 855
67 770
965 704
92 524
330 915
962 554
210 860
896 211
576 448
211 421
283 557
658 741
312 777
915 186
390 730
708 340
699 54
446 391
991 33
92 127
36 338
675 761
969 506
616 58
582 254
724 384
193 234
346 487
320 84
313 751
551 861
895 37
492 43
300 208
850 702
280 910
126 657
173 993
182 568
606 926
533 375
529 357
935 627
611 173
139 987
776 140
470 884
622 4
63 99
284 130
417 180
714 766
964 139
665 150
158 720
31 970
78 547
322 706
731 573
337 689
135 617
685 964
471 930
173 769
753 868
447 887
153 139
386 71
728 512
652 251
203 770
288 451
39 860
924 242
648 972
226 581
594 456
204 262
261 19
163 2
707 659
750 708
391 76
57 88
733 501
657 893
384 62
239 578
84 939
899 462
396 345
336 489
916 317
770 710
57 68
950 87
68 94
580 438
853 460
42 474
569 455
595 348
34 738
252 516
307 972
934 148
504 110
195 630
352 980
177 202
860 312
616 207
177 124
175 755
47 251
774 209
897 564
485 351
18 660
178 135
723 876
676 878
96 434
466 325
431 843
290 399
718 489
537 79
707 980
787 52
939 383
679 413
994 181
800 288
683 728
213 588
416 529
670 221
41 205
282 887
973 218
183 86
164 958
286 91
236 314
74 467
862 331
45 747
100 559
580 891
799 993
369 811
487 359
236 786
770 524
343 235
136 439
254 975
251 651
699 260
940 695
527 749
321 559
804 610
157 347
139 427
744 572
187 681
280 5
464 506
314 258
447 487
195 520
726 247
707 407
957 846
319 75
808 55
148 787
301 809
878 116
44 40
381 98
940 968
665 31
333 387
516 434
842 125
92 485
907 873
255 991
451 490
543 726
122 338
832 923
367 797
354 542
601 220
989 320
630 552
825 398
980 315
949 907
112 196
624 245
487 653
773 878
657 212
352 255
396 212
359 88
308 137
476 728
26 619
359 910
478 422
702 158
288 795
649 612
430 248
281 736
67 515
276 280
941 169
708 85
199 132
572 526
37 953
573 718
140 703
320 163
380 699
39 103
196 858
554 785
361 425
974 52
730 353
505 163
382 585
331 874
76 638
679 248
170 223
999 250
248 716
273 226
299 680
512 608
776 880
426 681
243 54
161 957
550 81
240 414
701 410
702 772
462 890
540 922
323 166
41 751
800 105
716 279
775 673
627 154
284 819
496 21
465 181
985 374
84 360
710 691
415 989
405 190
580 246
717 255
432 943
835 719
249 136
398 569
550 970
267 537
300 863
745 290
208 118
271 712
930 497
429 348
725 600
818 248
899 188
722 516
345 282
662 70
707 814
91 378
526 582
700 157
933 897
408 739
325 53
639 202
764 206
867 820
479 211
979 976
676 1
783 845
814 175
320 933
269 120
308 961
537 253
330 360
662 355
912 839
82 694
471 952
824 936
76 699
457 799
511 83
475 495
752 761
702 0
135 922
841 448
945 881
868 280
13 134
4 400
405 391
457 759
462 211
832 454
199 191
297 0
598 516
461 766
393 651
210 393
350 978
863 888
256 807
666 334
975 854
377 653
428 141
704 755
781 644
628 962
855 720
746 986
147 155
413 46
405 614
937 885
600 733
363 669
266 868
993 314
30 614
150 669
381 313
836 495
330 963
490 132
134 119
920 746
67 958
137 163
165 440
8 720
576 816
798 858
298 662
554 963
109 210
463 433
360 513
662 788
793 863
512 307
220 639
123 499
948 498
335 420
911 999
680 931
947 31
737 374
618 296
931 342
286 542
408 84
983 447
638 723
82 721
553 30
445 302
554 422
394 878
320 701
562 14
723 196
493 477
771 927
287 804
362 28
991 189
447 768
536 745
238 644
667 255
400 610
233 750
978 742
911 65
967 13
711 850
57 846
77 540
636 774
265 840
344 485
3 949
862 967
683 914
878 581
493 523
142 380
734 219
729 713
299 535
909 832
204 497
450 207
164 944
658 229
613 668
432 206
831 617
136 114
3 274
675 130
722 219
237 812
159 733
168 681
374 246
458 983
954 255
279 228
536 975
536 56
411 203
404 588
518 232
913 421
987 604
621 879
752 723
123 729
433 415
12 167
703 419
905 936
693 651
446 71
427 57
529 518
20 916
298 903
391 562
392 447
663 283
109 345
50 188
710 123
765 869
470 164
915 280
842 122
755 3
433 372
551 715
599 113
505 65
814 203
886 18
19 845
204 828
630 288
156 619
427 924
89 681
225 598
871 387
868 82
827 97
826 86
428 638
847 964
303 43
192 295
936 151
698 25
867 164
946 534
273 855
772 758
976 828
845 540
765 894
801 818
642 6
552 165
295 219
98 359
773 610
229 796
505 943
858 42
381 120
367 545
837 889
644 984
399 160
942 952
81 574
650 362
790 924
450 469
669 446
201 641
830 813
666 940
423 798
196 736
570 855
322 156
782 138
852 573
442 721
781 918
10 38
477 328
953 775
51 793
460 975
311 449
188 773
907 194
590 450
606 479
335 840
433 162
146 311
40 690
628 187
255 921
542 539
68 94
812 865
868 948
875 66
262 754
859 53
253 399
53 371
313 750
813 612
917 814
654 631
343 56
613 234
887 172
663 492
763 142
550 906
442 758
715 763
44 78
128 474
492 210
469 757
421 462
726 897
204 44
507 286
907 418
282 765
821 697
966 255
372 703
111 580
875 194
871 825
79 190
794 303
199 315
926 698
566 129
30 587
106 2
859 545
931 301
582 433
500 233
232 458
797 595
242 602
922 643
714 410
703 744
188 880
237 908
828 60
769 978
80 70
351 821
503 582
965 810
77 364
295 738
322 651
511 56
890 278
728 237
683 32
150 988
443 66
301 129
678 463
552 519
865 153
146 978
934 320
500 497
811 869
436 800
672 623
562 32
153 128
185 561
867 569
55 558
745 377
109 621
454 593
753 400
898 539
293 655
612 107
477 709
848 336
982 526
739 499
863 978
34 415
50 243
415 59
425 132
965 94
141 301
935 565
554 855
811 957
55 139
721 241
429 616
235 265
128 635
467 589
450 664
539 704
857 510
306 514
210 132
426 726
196 48
935 642
483 115
937 910
673 988
44 100
252 880
988 916
597 830
912 905
60 222
55 669
23 941
479 915
713 534
557 655
576 855
72 970
225 379
810 584
755 262
803 133
346 301
804 921
151 71
369 322
787 503
79 702
331 713
72 608
148 983
709 309
853 686
119 53
183 816
913 617
949 261
32 557
486 310
422 273
772 341
85 457
160 305
803 951
201 954
523 432
868 948
467 180
76 535
522 733
608 888
52 42
152 969
597 866
728 764
90 853
469 594
879 156
519 617
710 300
906 89
411 859
28 929
609 366
595 766
205 137
449 217
12 465
187 26
133 332
159 985
950 251
691 504
893 87
857 473
143 375
477 132
301 78
494 756
220 308
308 228
693 60
635 300
884 264
329 873
510 421
129 754
680 119
770 861
897 391
962 623
248 917
376 693
483 218
520 278
278 742
579 367
192 967
391 207
331 749
480 938
181 334
716 572
285 575
787 578
87 33
365 131
880 4
90 730
838 330
858 701
383 766
121 639
276 663
645 850
952 367
274 746
914 467
863 57
631 855
418 61
364 872
479 976
644 477
633 132
59 989
695 326
927 829
486 361
777 615
583 909
353 123
935 349
16 82
426 288
155 194
761 800
766 482
546 876
853 965
329 682
163 198
723 672
573 809
525 236
72 836
857 0
920 436
747 462
552 758
687 611
600 527
675 627
264 73
458 451
688 743
248 886
428 699
295 764
580 48
703 549
2 205
266 981
404 71
365 329
254 564
816 547
365 904
842 453
284 654
481 999
557 619
288 202
218 119
689 61
679 707
235 851
306 694
643 639
620 361
896 740
608 505
894 918
1 755
868 101
839 998
337 127
920 155
622 774
50 443
51 477
566 261
625 953
828 216
328 30
573 102
627 953
231 450
547 170
279 18
276 673
592 35
798 58
852 849
986 905
805 980
712 734
826 828
693 839
685 594
938 477
658 914
148 173
625 259
429 939
67 47
251 895
599 995
804 245
355 335
786 362
188 393
789 123
159 2
441 188
328 219
257 705
233 449
259 359
673 160
613 702
31 272
210 125
376 995
46 336
63 644
133 808
303 246
704 617
273 241
547 911
731 399
147 586
280 253
920 347
401 602
541 13
751 789
495 20
444 834
356 218
869 653
656 193
426 231
714 786
835 263
907 530
364 305
932 788
65 891
478 657
171 780
696 350
820 41
719 672
458 872
619 380
940 152
348 847
923 838
814 757
508 390
261 406
949 835
552 346
275 981
63 723
562 499
964 864
382 401
190 387
24 784
873 736
866 240
602 69
268 235
393 379
475 266
285 355
257 20
67 4
218 642
631 657
490 883
229 384
316 627
964 982
359 130
241 884
195 294
588 799
819 653
339 18
429 541
420 203
694 117
431 924
354 51
1 264
439 547
873 956
805 668
551 931
641 400
810 939
812 938
533 286
929 432
193 916
590 572
420 808
817 645
897 726
477 739
660 361
810 261
658 580
837 773
320 839
196 559
508 884
802 360
654 357
638 798
585 913
481 694
348 663
288 177
547 368
891 585
724 869
545 608
76 989
895 3
370 719
52 552
793 960
268 544
126 489
432 873
232 748
117 981
836 877
915 184
771 30
903 652
42 385
106 945
154 17
737 362
853 703
821 461
593 904
429 256
347 905
533 365
422 710
717 859
761 745
645 231
934 361
322 922
553 802
976 920
686 873
715 180
194 810
776 219
392 855
531 422
372 0
214 191
107 587
410 71
901 345
707 224
117 391
383 615
858 562
377 782
97 123
116 41
314 636
981 721
560 779
258 728
642 543
118 989
352 306
313 705
562 985
304 441
871 78
898 69
771 828
787 988
121 373
807 691
277 844
561 108
22 566
824 743
524 914
632 312
444 891
416 348
617 478
250 452
987 906
505 747
581 828
48 434
128 282
171 194
162 754
769 150
358 633
880 801
203 884
932 934
714 562
919 456
345 214
471 398
586 441
765 554
424 819
357 465
931 395
911 907
645 953
231 473
344 995
528 65
257 244
870 570
702 559
949 323
64 946
975 408
893 688
780 953
401 986
594 375
803 843
643 601
776 259
297 399
822 668
241 330
102 217
217 651
426 109
859 933
326 263
513 467
18 839
980 506
600 111
572 423
308 957
309 310
580 927
164 364
349 50
834 681
802 301
344 804
129 164
710 318
126 690
995 358
389 848
982 609
854 966
917 691
38 203
429 14
523 757
408 277
758 71
19 476
244 345
711 145
498 387
78 261
844 425
421 718
352 360
881 60
47 573
417 710
891 7
289 705
85 484
384 425
210 532
816 964
160 509
701 671
432 528
238 398
108 411
204 290
491 758
696 45
591 219
353 691
984 718
895 537
726 302
724 465
37 195
621 427
575 705
919 636
650 671
646 476
614 187
3 61
33 291
983 880
117 144
502 287
436 629
494 261
56 74
867 768
608 256
809 459
634 70
486 998
911 959
222 581
571 648
963 587
402 201
265 539
131 61
663 587
612 222
230 598
280 32
858 975
819 508
733 385
120 757
139 327
377 37
922 614
36 453
993 738
902 973
656 442
205 736
849 520
814 851
729 526
701 343
102 779
476 894
374 567
859 599
551 290
583 501
944 453
132 648
379 199
203 62
301 272
927 154
558 195
443 487
627 537
609 993
741 701
845 529
159 597
593 16
896 772
283 446
244 245
395 860
386 709
932 585
848 371
897 759
280 227
872 333
912 790
60 492
610 93
919 481
208 362
680 474
272 279
656 22
212 604
130 379
531 776
621 577
751 92
565 297
748 105
321 224
281 462
609 805
921 112
49 741
480 817
695 517
274 561
888 331
828 479
182 478
947 921
732 413
427 32
658 799
445 136
906 767
277 228
357 721
242 447
758 451
196 588
361 317
292 843
804 217
323 46
898 214
717 246
1000 63
860 255
154 771
150 870
390 732
623 827
826 946
568 189
516 754
433 68
611 630
175 819
131 664
18 778
839 997
980 692
480 249
920 866
221 654
684 269
755 560
169 977
856 647
124 894
347 625
17 638
885 14
767 614
349 860
167 794
34 67
879 591
655 87
170 717
724 693
146 595
812 898
580 992
705 484
455 625
56 696
686 769
479 722
263 411
545 438
642 328
872 487
436 778
327 517
531 565
663 477
412 223
528 989
630 432
890 437
396 97
250 232
310 564
277 19
574 914
94 686
340 984
803 369
287 97
528 298
651 917
814 275
964 233
313 689
402 629
294 450
58 996
507 964
515 948
435 147
397 665
872 551
227 553
975 984
864 933
60 928
950 163
127 89
339 335
440 361
750 657
481 490
122 918
283 107
716 986
414 55
398 536
172 844
378 939
722 84
486 154
457 329
392 492
555 664
544 830
155 378
536 447
591 500
692 37
641 28
584 83
958 708
857 846
213 158
0 242
610 54
119 621
485 512
803 175
309 308
986 337
420 843
624 41
549 923
583 157
563 55
950 893
548 938
45 698
770 378
848 67
610 354
215 954
251 298
164 471
635 117
636 884
986 273
525 795
464 454
835 765
716 246
169 379
887 558
596 240
29 664
504 392
994 229
140 623
99 517
446 375
812 815
150 489
514 860
403 337
467 326
286 745
438 760
894 557
550 170
284 94
503 124
623 493
540 803
814 373
839 356
295 722
404 671
830 539
12 438
601 166
423 793
767 456
64 143
791 728
483 287
740 684
450 652
834 647
671 81
663 287
263 843
124 699
312 137
495 941
761 914
221 41
578 390
744 860
74 242
105 968
973 491
280 682
226 108
272 411
238 155
837 564
573 254
114 775
972 564
630 598
306 863
360 653
648 259
342 435
682 439
159 508
720 350
401 966
144 904
782 452
522 319
766 87
847 231
269 199
558 488
277 111
965 11
586 361
863 112
62 962
55 684
498 473
773 60
693 212
337 839
307 225
287 71
411 784
280 358
483 348
514 467
756 820
698 110
548 311
593 815
536 113
918 146
856 769
882 157
884 307
266 114
701 290
394 68
427 97
57 684
881 123
507 114
979 728
87 422
561 206
964 134
564 616
347 168
115 885
605 780
121 672
145 878
255 999
710 937
334 764
580 188
886 424
801 503
824 501
91 22
728 331
548 637
693 178
495 510
929 523
23 769
711 116
737 454
611 76
644 26
972 82
536 327
529 733
192 249
2 654
541 104
806 749
115 409
891 261
311 634
965 5
863 840
654 69
930 259
30 89
84 274
303 688
593 189
430 11
695 64
824 499
286 804
769 699
556 241
879 77
543 889
194 664
58 382
743 541
383 720
100 604
553 650
468 205
550 691
483 117
187 433
304 36
470 187
908 694
158 220
258 256
567 468
470 278
355 279
844 256
110 750
877 370
854 81
850 70
484 117
349 892
345 264
946 205
717 51
589 722
650 162
14 468
815 727
581 978
146 447
127 71
107 825
752 397
279 499
765 961
579 220
567 724
464 897
882 267
497 859
967 971
22 24
618 659
607 887
840 40
776 423
344 513
995 951
232 236
978 840
708 336
14 235
637 990
468 827
823 580
17 498
710 192
751 505
89 631
827 19
8 164
281 468
551 322
218 500
2 633
44 198
515 502
276 752
959 428
728 78
488 897
847 623
682 216
848 233
470 542
63 97
999 411
200 312
553 680
472 694
972 975
266 267
898 592
873 967
830 69
620 68
871 296
860 214
197 548
901 165
75 743
202 986
319 770
808 181
742 769
521 78
352 420
910 184
710 100
276 386
201 295
881 679
939 231
366 126
963 611
214 571
675 820
359 639
333 810
582 225
270 354
572 331
337 987
398 971
484 430
832 422
670 586
749 19
268 653
266 608
369 552
373 373
731 379
433 516
646 660
858 241
210 833
139 640
355 431
715 426
645 770
952 280
993 277
352 212
803 668
360 208
194 907
144 805
563 226
159 653
14 78
513 424
443 304
626 849
69 114
741 397
91 468
130 255
690 34
143 441
231 397
454 296
997 534
911 189
21 569
924 771
751 896
193 929
757 707
515 704
526 839
275 501
258 398
404 316
487 283
82 361
663 857
986 92
422 880
535 109
198 538
930 476
365 899
489 6
532 743
674 774
594 76
540 504
40 902
565 308
811 81
244 363
92 827
701 307
153 284
921 243
200 194
500 406
17 333
372 861
433 799
34 209
835 171
723 296
172 139
209 835
904 204
843 97
850 589
643 937
265 318
313 622
888 524
72 115
321 177
448 574
793 823
619 308
339 746
561 495
235 60
329 87
155 78
944 527
345 887
853 432
76 796
571 711
71 209
995 275
206 524
605 539
551 458
431 361
836 610
339 28
915 291
109 184
916 69
593 748
244 498
107 841
488 530
632 395
633 834
187 360
849 391
934 622
29 543
453 785
114 9
350 385
298 999
663 57
430 382
2 193
407 94
368 433
772 899
629 560
437 122
52 606
328 15
548 300
227 691
409 617
309 594
461 836
563 780
33 580
471 603
214 803
57 760
945 744
384 833
823 201
789 998
988 48
436 329
754 758
204 273
466 132
0 147
802 342
262 797
46 430
665 994
276 553
667 232
838 45
608 654
684 387
196 742
729 135
552 62
12 738
728 828
995 769
367 432
743 735
211 519
443 753
681 692
294 311
11 303
319 734
833 227
425 316
258 809
898 112
53 561
131 103
324 686
620 290
91 832
609 804
992 871
142 701
594 338
619 876
856 943
399 60
10 983
860 722
474 614
603 965
558 20
508 421
297 86
574 758
399 911
490 637
658 383
499 507
817 469
690 416
190 443
487 479
728 589
909 30
142 87
11 776
148 528
775 984
468 623
783 950
768 372
830 960
826 139
130 308
491 716
471 31
435 416
174 871
275 931
787 817
258 647
484 444
67 747
168 489
300 182
509 6
190 8
416 481
837 4
136 70
44 422
994 905
16 862
116 165
7 571
229 25
921 493
313 897
157 831
689 681
645 629
569 585
509 450
335 219
805 14
92 371
639 553
216 514
288 463
987 342
661 61
35 94
645 304
114 35
909 807
592 393
504 834
408 705
239 423
744 1000
295 795
909 371
659 224
71 735
555 327
115 748
8 445
393 606
396 640
579 442
660 993
813 792
282 981
224 75
770 389
869 838
81 705
627 299
354 719
343 711
85 675
572 858
619 303
658 510
346 563
896 704
592 917
172 965
829 11
229 639
107 846
479 711
680 739
455 907
195 367
195 787
738 46
338 864
480 456
218 483
133 670
92 531
627 430
476 688
287 536
585 322
702 282
441 448
402 10
288 170
799 714
153 216
996 721
168 786
208 957
385 7
58 722
89 969
439 447
375 658
270 401
848 111
60 125
570 749
639 334
5 127
535 518
61 967
988 476
125 726
517 806
234 822
13 662
501 278
256 899
817 278
568 859
998 667
579 132
924 49
634 898
92 182
713 328
903 245
371 238
504 84
277 403
469 318
285 599
96 904
292 289
391 236
300 839
749 400
531 380
126 493
646 543
375 107
496 496
668 530
770 66
10 616
115 879
479 976
944 402
889 325
521 552
773 813
522 384
944 944
596 568
471 990
496 998
114 360
183 255
382 691
405 744
775 376
425 505
364 323
982 521
484 127
99 984
696 532
563 561
472 14
302 828
44 51
277 561
432 994
173 590
600 151
307 74
193 500
616 727
3 83
993 11
559 109
25 523
983 823
857 937
572 519
320 720
417 934
327 320
615 31
9 885
433 907
97 778
772 851
254 409
255 612
314 464
702 776
704 252
473 474
167 528
730 884
46 23
609 71
237 789
924 124
657 232
714 19
717 317
571 499
485 55
586 302
80 370
296 397
563 939
948 236
842 836
291 677
20 214
399 472
586 790
344 193
262 42
670 726
356 340
726 247
208 284
950 320
464 228
161 570
264 387
381 178
682 6
84 595
218 869
498 184
442 918
76 709
87 236
417 731
338 591
22 772
958 636
21 990
437 361
696 799
97 120
121 812
956 677
280 855
135 538
180 556
278 387
309 721
240 518
751 724
969 108
429 100
391 296
910 808
497 737
137 890
994 360
764 337
230 830
9 546
171 122
371 599
376 201
223 389
470 838
768 338
969 386
2 600
122 809
246 178
791 445
800 191
144 582
512 360
26 704
691 456
652 413
141 865
611 85
443 160
141 879
706 651
643 645
269 29
548 531
835 602
108 923
709 769
382 113
862 396
415 385
526 126
304 720
83 483
93 226
219 653
516 130
174 245
140 477
144 594
910 492
639 479
554 333
943 41
67 794
688 569
86 56
761 41
683 138
960 898
868 55
97 188
618 682
558 927
258 944
450 217
65 918
688 513
226 732
925 568
912 590
609 11
813 102
917 602
157 915
561 187
480 259
734 679
43 274
31 442
938 32
946 388
217 599
880 766
854 484
915 659
371 115
674 900
962 511
200 729
445 266
962 120
680 808
153 52
653 297
713 637
49 345
204 2
411 584
457 902
569 497
288 968
965 285
360 939
254 799
863 799
863 236
607 663
102 777
630 951
534 641
50 323
710 295
821 697
24 902
427 831
396 156
931 995
500 714
880 260
144 504
156 342
114 93
938 300
180 607
707 880
246 246
590 915
457 401
958 466
244 353
727 183
696 302
230 396
375 618
801 426
856 718
897 82
408 961
161 182
694 816
524 106
200 498
138 716
609 653
909 146
581 833
474 713
389 222
149 459
889 519
625 407
603 86
703 730
951 952
893 135
303 941
399 442
102 329
651 813
778 242
513 220
32 822
720 541
842 489
26 405
816 28
984 945
451 782
759 954
80 891
602 213
652 878
781 449
132 526
950 762
790 242
425 610
242 997
521 480
183 786
503 690
171 653
314 725
272 307
998 584
831 543
936 749
853 233
637 704
943 65
293 896
967 330
839 69
340 153
797 614
182 655
463 447
950 535
127 372
781 803
425 328
338 268
867 512
469 983
884 147
793 501
84 777
532 943
128 730
478 555
254 140
683 190
509 182
768 699
318 70
66 436
723 367
168 873
141 963
114 38
796 48
676 636
844 596
490 400
9 293
487 98
526 327
802 677
859 26
144 52
505 898
903 161
550 550
141 779
477 521
326 214
728 483
771 284
224 874
307 327
532 367
213 774
72 549
396 725
651 83
433 769
744 2
314 342
423 24
118 499
304 116
513 271
922 228
435 287
497 973
358 585
81 167
815 982
692 140
807 479
806 1000
305 635
694 36
288 389
110 442
775 324
64 161
833 578
970 877
902 566
442 57
388 96
947 988
979 586
905 122
201 295
92 144
657 553
78 864
602 103
135 211
141 262
179 657
345 41
528 61
950 959
722 20
827 369
82 42
785 62
713 167
760 193
171 805
857 813
716 717
361 87
425 925
447 698
530 420
656 283
125 544
496 436
176 357
527 744
454 489
172 266
179 259
493 910
190 855
202 401
106 54
26 228
499 10
550 505
916 912
264 532
784 655
849 354
371 577
180 947
758 171
107 822
424 978
117 160
944 79
841 856
304 79
119 190
105 244
476 214
284 228
410 670
248 691
644 980
235 435
160 777
187 597
167 729
92 807
208 383
448 292
909 223
385 512
455 312
778 610
132 33
437 602
992 773
188 296
799 799
258 398
884 723
870 190
123 846
385 953
790 183
972 385
992 183
372 196
789 886
864 502
337 442
786 923
980 565
941 837
937 347
35 721
734 345
198 455
217 118
352 388
846 750
836 449
153 755
53 361
701 80
551 199
390 341
161 734
868 193
79 835
272 536
279 283
787 331
505 367
890 275
478 296
204 755
889 480
134 992
617 991
302 388
911 355
256 725
542 159
730 151
937 877
769 466
580 987
667 40
789 278
968 580
42 576
179 550
326 605
589 636
141 894
139 962
137 560
577 228
793 225
206 506
417 110
957 385
877 813
656 372
231 992
61 307
810 54
663 686
872 73
426 698
877 164
631 350
61 906
904 490
952 280
484 848
883 643
122 638
272 435
568 470
186 619
838 82
488 352
884 851
218 576
40 339
378 27
177 289
820 811
732 812
544 897
38 14
280 388
460 927
128 271
674 279
733 207
701 337
783 13
2 864
72 561
331 62
461 169
228 776
789 918
32 786
382 414
57 996
71 798
412 358
47 797
564 612
443 189
114 287
151 609
92 309
903 294
430 260
218 354
649 143
432 670
290 569
171 631
202 187
948 223
849 276
906 325
383 34
346 665
52 785
217 332
919 134
394 14
796 268
880 180
157 389
878 946
143 144
880 827
287 686
258 919
460 880
964 324
648 450
641 669
288 846
177 564
476 326
786 81
104 145
966 703
554 56
461 838
804 539
176 934
469 524
44 423
944 309
269 424
101 608
828 538
96 732
260 720
578 645
451 277
207 440
465 299
688 740
969 759
79 482
933 452
234 500
456 436
832 464
603 829
855 125
958 863
879 240
320 690
583 320
673 723
465 207
776 158
548 151
89 322
522 987
784 866
68 495
247 960
326 502
43 359
96 141
600 60
489 758
17 997
267 438
465 374
343 700
192 476
135 429
976 347
656 920
633 9
169 395
829 746
228 593
935 470
447 124
725 856
521 953
680 7
110 33
880 915
732 617
230 891
882 926
301 319
510 439
39 109
813 181
110 183
295 833
984 143
533 459
920 535
115 648
566 641
997 235
1000 878
833 896
451 109
294 289
655 814
46 395
552 681
956 793
842 947
552 662
75 25
423 112
731 207
968 39
577 596
961 79
363 255
115 456
719 30
352 323
437 4
958 279
618 997
49 241
894 787
198 400
6 244
193 508
59 817
475 776
162 596
373 772
41 228
319 813
718 627
837 825
968 468
448 808
539 167
880 389
249 200
239 442
917 116
784 112
933 241
462 929
652 411
233 215
315 286
695 518
672 104
379 773
832 34
495 369
905 496
142 195
511 290
173 47
363 821
2 459
649 774
549 405
473 328
816 145
623 389
604 962
579 811
489 355
935 957
464 743
50 542
961 599
403 310
692 839
94 174
292 605
134 976
791 457
877 668
268 732
67 73
647 578
906 580
306 305
650 666
739 578
227 995
785 144
421 765
950 973
433 808
703 233
335 433
64 328
267 219
315 846
445 928
401 129
484 94
649 863
956 309
130 574
911 343
133 432
413 650
543 703
472 610
380 521
389 903
222 51
106 137
459 469
35 413
256 377
469 972
940 383
218 833
427 115
959 124
53 634
212 117
855 224
93 5
116 240
862 144
198 488
980 712
501 759
448 581
332 743
404 870
303 872
356 442
786 120
729 715
698 451
380 942
340 159
356 400
916 405
550 476
410 844
885 697
371 201
757 583
173 126
357 197
150 793
930 311
615 550
881 703
822 702
589 983
106 135
563 446
374 929
675 715
917 388
576 624
805 208
717 754
977 72
455 615
66 585
941 889
39 397
434 257
162 773
6 573
947 991
605 794
628 231
179 990
109 507
212 945
122 377
892 863
835 309
685 169
239 664
87 10
820 184
716 13
625 491
649 799
820 66
150 299
710 271
909 354
72 977
870 957
221 281
694 293
995 207
548 974
77 393
421 863
199 467
899 606
786 190
177 411
409 390
253 401
868 972
711 781
373 808
307 835
474 569
892 661
942 427
68 614
48 343
716 338
395 860
373 294
289 188
843 738
989 908
608 169
251 801
314 401
68 407
850 171
314 220
22 221
453 665
63 581
760 595
715 790
483 809
343 727
680 102
557 454
104 420
13 604
563 485
125 741
230 549
583 948
364 298
215 456
92 475
405 964
769 187
690 395
493 293
261 1000
639 628
202 548
673 671
652 991
459 468
846 600
139 143
769 115
451 656
389 672
832 831
190 140
725 552
599 729
113 885
222 891
799 728
255 333
848 795
873 365
6 763
591 556
832 305
830 406
528 244
398 822
291 398
245 561
300 484
961 440
828 35
24 128
626 610
308 570
253 376
497 722
681 658
572 774
286 374
739 773
248 699
494 793
782 716
400 172
771 25
66 224
715 895
284 559
904 755
916 3
471 365
861 667
802 55
155 232
536 431
394 900
87 930
456 205
690 773
171 894
994 578
5 911
929 666
785 617
193 593
838 829
876 582
142 829
1000 293
834 231
664 279
682 919
714 724
692 189
636 154
284 707
124 265
507 550
561 530
713 995
793 992
929 375
827 440
345 701
873 219
801 330
869 533
359 312
976 966
725 768
669 766
440 731
161 69
650 701
134 775
120 85
944 851
320 239
838 480
434 581
19 71
226 223
935 853
522 530
317 731
329 888
222 687
29 569
893 759
272 267
895 293
282 517
647 68
523 867
874 9
942 124
776 631
924 556
820 484
371 552
51 662
444 944
711 672
273 806
523 576
368 303
466 268
594 17
179 332
64 449
365 820
557 656
682 933
481 788
467 666
31 196
856 252
13 226
476 201
355 292
389 977
691 405
480 277
622 244
184 586
339 550
408 391
763 586
786 216
708 281
728 559
135 592
161 148
177 610
596 459
938 210
873 815
130 397
321 483
448 769
27 797
998 476
10 181
951 624
874 165
472 299
129 579
309 524
108 306
667 600
581 29
184 947
49 672
840 832
553 863
784 735
672 520
732 278
60 560
438 516
878 350
709 0
116 438
756 233
157 252
957 474
141 331
149 219
365 179
226 179
486 345
404 103
296 201
185 472
831 824
392 112
702 755
670 426
727 999
315 123
881 277
266 103
193 277
972 628
288 442
23 914
779 419
519 272
941 27
797 472
292 491
916 262
57 672
43 117
372 248
107 627
771 580
572 812
521 99
883 213
927 460
599 57
331 318
883 743
943 493
274 920
536 550
101 561
374 136
660 891
119 732
847 804
880 730
923 34
715 247
559 645
965 836
113 472
949 12
726 777
106 970
243 574
27 585
223 935
363 980
151 745
94 883
526 810
657 95
387 264
15 481
123 272
336 876
733 222
274 162
164 134
297 10
713 187
465 92
337 154
215 678
249 734
352 63
287 463
719 862
440 891
301 34
983 874
1000 710
231 872
308 713
682 245
956 594
622 109
666 45
816 877
121 928
854 265
539 359
280 826
43 116
215 83
217 463
582 376
27 385
281 969
737 351
230 490
6 496
864 565
154 30
54 26
801 881
163 390
240 259
137 429
230 955
387 652
172 313
727 719
541 92
157 753
160 662
851 519
705 598
154 9
713 514
39 767
271 592
731 221
472 362
873 475
814 901
683 506
838 226
616 496
204 929
689 805
42 386
619 297
429 286
940 312
484 887
23 136
103 129
924 803
195 179
582 893
644 731
149 691
853 930
169 702
400 493
496 318
511 347
637 530
371 312
670 491
243 606
470 177
408 824
636 371
500 246
298 895
838 566
626 310
642 612
437 588
18 511
341 401
329 102
488 149
931 9
1000 624
305 681
130 975
686 176
154 648
928 546
205 194
925 38
300 23
862 336
867 5
543 766
169 379
660 739
113 133
590 382
382 332
686 411
26 169
310 67
245 224
45 184
262 257
747 364
704 501
294 550
599 108
974 108
621 433
356 697
139 313
670 40
307 598
905 741
292 350
790 611
605 580
731 357
596 470
907 268
485 390
328 822
627 135
79 292
83 715
783 210
509 629
730 518
275 640
743 678
428 645
160 334
106 860
905 455
128 147
260 544
407 878
703 812
593 715
10 152
818 379
795 820
64 82
147 619
343 877
435 286
450 748
62 97
283 678
820 802
18 469
48 887
431 832
869 828
376 913
17 699
51 451
909 775
327 11
147 3
344 330
197 128
213 893
255 579
397 42
85 231
766 262
400 690
490 172
318 254
588 489
283 661
80 701
867 791
985 46
384 219
507 682
640 74
891 41
554 325
76 526
780 262
736 873
229 776
67 395
946 551
943 933
731 600
476 220
457 851
124 245
903 926
947 619
582 458
395 836
333 143
199 840
660 610
376 837
95 333
746 569
529 606
234 338
456 630
267 212
464 229
576 684
469 967
84 508
260 761
782 820
69 959
626 14
79 17
230 787
57 273
494 379
964 124
677 313
321 372
62 732
809 478
631 197
917 573
372 812
556 802
865 253
607 557
55 889
587 469
573 980
812 540
765 122
732 108
195 819
550 883
579 250
300 261
602 410
961 81
350 961
405 51
966 65
15 672
12 989
401 638
4 408
594 690
931 104
772 61
859 776
703 115
781 416
669 46
585 445
294 199
87 952
334 464
537 162
621 113
309 453
847 235
868 179
94 145
521 535
365 708
199 755
445 785
661 231
998 22
497 192
448 847
477 960
14 595
489 258
397 493
34 434
926 935
283 609
683 715
254 284
533 516
40 440
182 571
849 803
663 511
219 870
49 913
870 358
140 655
0 250
33 624
590 336
180 658
752 636
373 626
554 136
524 486
507 686
175 515
846 254
866 708
447 871
671 932
830 382
333 808
549 311
906 0
201 794
854 386
829 150
869 707
139 604
817 523
432 911
402 454
104 974
308 606
607 405
672 48
135 1000
177 719
493 327
348 326
583 909
126 87
653 190
427 807
785 257
78 512
804 609
908 439
36 568
144 602
124 859
503 245
443 515
154 3
469 222
180 66
318 560
245 185
962 755
229 56
903 969
412 992
837 130
166 258
701 232
36 342
397 293
220 846
64 297
998 532
921 819
386 37
927 155
793 872
28 438
78 8
562 986
244 760
578 634
2 666
91 506
541 859
421 1000
120 278
709 178
783 994
672 541
665 227
431 99
302 813
895 804
843 973
710 70
108 215
331 580
602 353
176 937
949 43
61 796
505 622
269 887
901 448
866 193
846 530
344 890
333 614
772 546
110 804
443 534
940 425
304 221
44 202
124 405
726 740
718 902
720 829
986 161
543 685
636 669
655 591
477 274
637 961
695 123
600 546
748 501
52 824
481 693
738 48
838 693
747 181
997 780
244 120
782 395
453 341
530 344
318 902
847 903
469 256
686 618
189 292
549 286
26 725
566 410
162 196
305 438
398 115
991 349
513 35
346 544
955 500
531 927
935 78
511 910
990 636
519 213
334 81
353 321
178 661
679 571
445 608
27 769
632 909
829 662
928 323
790 344
148 159
604 733
741 236
720 376
914 411
174 156
734 342
934 821
352 563
176 80
668 191
561 804
982 791
750 659
477 361
823 814
694 326
188 29
278 427
825 50
493 731
937 971
510 819
700 922
943 710
688 713
367 648
223 260
28 432
0 724
473 21
105 924
376 787
626 606
713 657
988 180
453 910
345 373
230 188
901 500
479 229
224 58
508 433
86 555
395 720
777 604
524 430
362 685
232 266
74 231
802 703
223 927
964 263
289 497
806 248
286 996
158 882
937 918
485 613
572 657
71 402
469 971
579 426
498 292
489 629
712 707
23 210
875 313
963 358
343 632
526 540
481 587
228 541
778 197
323 448
616 146
599 500
302 784
703 897
597 590
464 338
845 283
603 383
510 862
700 462
2 933
953 868
740 175
675 594
48 150
129 361
838 758
205 444
398 200
691 353
255 814
828 255
406 435
1000 624
131 265
677 639
547 252
488 469
211 781
6 39
963 617
662 58
500 791
316 707
873 693
563 860
484 409
704 421
932 487
140 776
210 350
774 29
858 939
250 710
883 843
236 512
183 460
202 861
617 77
539 738
974 214
626 66
579 710
730 408
210 252
169 747
743 376
508 369
406 406
359 282
88 396
675 160
497 333
571 538
724 524
333 660
569 321
823 316
84 94
678 110
710 172
508 865
620 760
93 659
772 555
703 837
877 562
158 621
144 748
941 745
943 401
472 71
93 690
484 4
706 945
833 659
357 674
764 158
256 546
498 642
210 247
719 412
502 555
849 741
548 847
935 157
755 3
664 381
719 410
59 218
870 826
165 432
529 965
304 921
706 42
215 322
41 43
364 232
976 667
315 473
831 703
428 76
43 644
254 334
691 38
894 486
853 894
456 668
143 619
206 191
849 225
71 680
255 137
668 624
896 10
941 94
927 140
240 545
264 714
82 278
882 533
230 657
80 76
278 305
223 349
192 911
342 305
838 166
645 323
28 331
385 672
973 300
293 668
647 632
22 266
256 649
806 914
135 538
277 738
675 524
698 633
84 959
478 701
423 669
891 566
760 766
783 546
473 50
189 532
806 313
466 809
296 694
597 310
391 165
888 793
215 355
443 743
309 348
434 630
566 373
614 880
164 292
207 756
1000 498
943 813
757 580
12 350
451 414
745 140
752 990
565 325
102 59
284 284
921 629
909 342
366 957
871 464
703 219
43 798
131 588
343 602
67 706
336 654
995 449
489 421
801 362
986 12
26 569
650 141
560 770
921 970
631 680
259 501
808 890
436 723
199 546
811 299
460 953
743 757
720 653
164 567
137 876
565 409
880 513
725 762
275 778
943 168
348 839
522 583
356 651
19 951
764 262
74 34
959 985
966 300
854 588
179 583
201 732
606 468
331 311
891 87
81 598
854 738
390 833
372 577
603 175
993 759
634 740
294 877
187 393
531 839
804 866
480 198
342 137
16 483
439 144
198 43
933 302
304 157
346 875
296 945
753 830
991 118
83 605
452 294
90 967
911 731
46 771
68 932
995 373
852 490
209 912
599 284
946 237
126 251
467 303
341 327
413 472
453 558
155 603
491 936
441 449
661 37
779 140
146 769
207 598
230 969
681 346
766 894
112 861
39 497
842 815
735 239
203 470
903 888
433 718
512 512
119 866
24 787
967 89
206 658
804 151
332 166
411 116
981 919
605 210
81 354
682 980
318 477
735 780
748 527
595 375
312 208
819 604
246 146
193 162
324 353
530 307
584 505
834 468
965 659
458 10
697 427
467 837
380 627
297 897
975 524
351 250
997 652
553 430
883 865
68 297
860 679
322 658
932 213
715 573
359 935
452 444
368 131
620 420
706 329
237 380
715 966
395 899
122 526
123 813
305 962
328 721
456 237
345 9
181 852
733 6
5 504
527 645
453 553
230 206
476 800
692 388
861 442
86 365
850 215
757 763
484 458
738 297
30 318
358 373
174 195
408 284
425 906
276 908
793 933
991 630
364 562
428 559
889 294
532 805
799 792
442 946
415 403
960 983
246 299
269 886
624 531
21 368
266 276
115 226
770 898
145 661
900 348
570 990
502 160
426 113
228 707
17 987
386 511
563 539
806 435
173 181
699 944
890 757
724 920
252 166
831 280
451 75
544 420
660 406
221 762
66 709
863 96
970 472
497 995
885 773
380 278
715 819
394 422
882 414
943 353
860 366
950 254
575 76
349 128
198 63
573 100
41 891
746 49
436 33
281 680
901 196
674 825
25 812
232 941
290 474
645 617
557 628
482 375
24 548
665 959
870 8
77 526
903 408
86 93
126 840
586 5
270 303
704 598
192 723
324 808
480 202
65 220
18 624
553 372
735 603
582 722
452 626
31 521
169 857
345 505
715 977
725 966
812 935
283 456
491 397
169 894
163 564
80 422
758 590
133 502
637 652
833 861
985 527
555 712
629 647
565 658
971 659
488 79
924 709
801 96
440 190
771 534
646 17
360 26
692 803
313 478
905 957
898 766
665 580
90 796
318 955
635 456
747 601
195 771
348 972
761 947
318 23
691 426
32 984
871 694
618 269
854 350
770 207
310 731
240 165
344 459
903 756
957 974
86 213
637 242
133 0
821 765
190 38
803 484
334 662
595 13
614 947
757 376
296 232
246 998
252 880
247 204
627 907
511 9
843 694
508 997
144 337
160 730
463 52
310 724
756 267
160 749
797 330
457 919
950 123
88 475
768 217
773 206
13 730
571 357
496 638
568 60
919 15
175 361
681 51
31 856
672 967
954 200
635 261
124 409
937 810
899 477
220 705
393 73
542 424
185 865
338 882
209 486
286 804
759 636
3 328
642 551
847 486
851 290
483 647
826 313
100 189
622 276
941 3
372 709
738 981
535 99
59 288
333 173
183 630
156 183
974 32
315 106
60 705
10 789
104 732
934 31
279 457
38 491
803 485
527 815
706 829
447 391
230 362
524 145
200 753
846 138
238 186
264 924
161 141
695 325
406 171
3 231
616 311
17 498
303 365
94 212
324 763
677 404
453 642
714 438
557 462
956 269
846 755
667 273
834 586
849 623
538 336
178 194
527 497
871 524
307 848
36 127
150 398
737 253
715 906
15 355
872 393
47 583
177 256
849 954
208 79
106 519
413 594
606 710
866 884
750 108
292 536
205 619
20 542
492 408
868 318
479 296
312 852
136 134
596 188
225 983
2 332
187 573
516 235
307 620
636 833
7 85
512 744
488 210
276 840
905 959
838 980
416 790
844 382
585 976
205 64
441 161
866 466
970 526
865 431
35 872
210 938
310 550
455 284
182 563
188 77
149 47
95 226
761 487
824 108
483 468
541 326
120 688
317 950
132 366
25 347
795 261
826 173
585 742
366 233
635 502
691 753
292 336
628 929
26 133
72 372
370 520
426 996
898 181
933 556
51 357
739 288
148 78
218 963
758 165
426 592
458 397
551 718
639 62
977 419
505 724
650 698
547 673
860 722
112 565
179 139
247 159
842 272
744 358
771 359
663 293
733 93
198 869
63 298
587 441
437 848
406 48
474 384
557 493
912 728
128 955
48 378
567 858
620 602
603 50
91 875
384 149
374 112
424 239
964 720
399 384
463 3
456 756
942 5
216 571
860 477
253 482
929 16
464 975
997 216
460 207
338 227
958 389
769 601
903 14
181 16
849 380
513 39
897 508
253 377
953 851
622 425
225 187
478 703
899 737
875 3
70 928
96 17
56 520
484 752
115 522
195 365
9 459
448 60
458 149
235 206
87 205
922 854
892 336
872 477
562 149
274 168
604 892
138 132
640 694
932 866
234 522
285 68
419 106
90 366
481 318
407 629
154 788
868 362
569 709
351 648
61 355
191 767
15 397
234 562
533 334
585 694
511 900
550 867
534 39
385 228
588 450
784 334
283 738
673 796
571 773
521 408
730 464
893 775
531 239
591 837
5 780
223 19
741 190
448 766
59 608
410 671
166 961
55 68
964 342
143 327
288 67
721 56
517 440
759 36
81 887
531 259
698 923
813 16
916 606
321 397
328 810
902 413
516 843
356 733
681 955
723 999
836 520
540 838
877 997
663 879
683 495
45 51
493 7
913 311
438 496
473 309
865 887
65 409
627 46
288 988
314 407
634 144
141 873
820 969
132 220
329 151
346 113
711 834
302 622
900 260
957 622
248 360
265 583
209 887
55 395
669 586
362 654
452 911
432 617
737 150
780 224
466 842
421 933
690 916
21 503
215 233
710 170
247 737
459 437
167 195
439 756
290 424
403 721
375 923
183 631
485 502
83 874
975 93
911 218
951 281
997 749
23 551
645 395
609 12
647 853
970 685
120 188
293 152
701 779
529 618
97 242
680 709
19 673
598 243
751 617
602 504
962 745
315 932
830 18
720 634
89 869
476 264
209 70
741 395
2 79
167 409
650 839
669 550
638 741
367 511
906 934
89 177
446 536
216 653
848 269
903 325
614 659
872 712
5 357
108 604
94 558
712 880
388 809
897 622
78 861
797 678
559 205
723 779
747 682
286 979
621 527
431 383
176 979
406 642
125 406
759 678
538 8
820 70
835 354
838 586
793 960
620 393
431 931
18 801
654 927
378 133
803 953
132 93
78 668
468 523
523 732
311 654
580 542
777 310
492 469
268 562
867 605
401 746
617 254
328 523
269 951
702 624
970 77
540 587
651 69
317 200
699 50
546 585
766 588
319 381
151 713
597 889
193 153
21 896
626 12
829 410
247 698
330 94
159 101
434 163
686 805
219 336
758 780
472 576
270 995
350 391
604 795
540 18
347 9
483 688
974 780
823 172
853 746
76 403
448 678
396 916
184 280
965 873
778 248
148 467
566 695
509 48
110 850
966 384
844 147
697 827
490 662
660 395
722 150
800 750
822 61
627 358
61 146
16 70
213 682
146 759
793 975
409 242
321 748
6 598
717 601
325 212
842 41
162 977
908 461
632 761
939 208
639 772
716 528
626 816
541 458
177 904
708 322
257 894
135 375
445 524
518 967
718 715
29 296
389 411
531 134
368 167
640 682
836 804
854 245
48 563
95 348
619 811
198 254
303 418
701 792
303 743
283 971
995 624
515 9
997 773
21 172
178 911
344 198
444 60
541 189
708 381
361 675
416 954
9 764
298 348
843 974
198 222
503 881
551 56
347 402
372 785
698 58
496 254
66 587
719 148
283 35
978 468
276 3
352 87
718 639
981 578
893 838
913 462
314 252
805 766
372 127
534 956
976 976
696 768
470 93
817 700
194 201
638 393
507 759
467 580
475 724
635 792
897 317
976 727
68 743
85 75
639 873
224 77
334 965
870 694
535 290
166 18
56 432
995 988
864 936
859 513
