10000
716 617
991 474
743 428
870 3
289 274
281 376
914 691
65 427
550 335
713 887
129 262
343 497
101 522
686 300
435 975
299 63
440 105
208 242
980 173
172 704
369 823
707 757
173 883
105 915
689 981
370 647
983 37
283 47
221 435
90 237
556 636
616 201
698 305
5 889
818 203
747 916
2 834
582 251
298 631
703 619
576 308
987 864
247 731
98 212
839 249
447 332
784 764
3 96
544 254
573 487
719 281
454 606
518 646
393 401
377 899
790 841
54 98
126 394
300 613
62 155
996 54
108 403
280 668
43 829
431 874
302 526
787 696
273 383
267 205
623 465
862 36
190 758
396 920
611 350
52 367
573 423
50 760
326 360
913 71
325 394
990 504
994 622
671 806
788 667
939 106
565 551
143 936
143 63
786 895
753 424
923 247
625 704
323 80
234 156
865 384
354 549
807 725
128 453
811 674
756 187
303 621
21 21
772 333
333 279
862 510
790 569
300 300
417 394
875 611
393 942
59 530
1000 849
638 587
295 791
481 278
755 801
804 234
340 504
520 984
99 799
921 159
819 745
427 733
222 686
487 347
989 97
295 145
835 897
260 751
39 584
761 879
808 486
217 219
511 176
741 403
475 125
749 195
557 804
323 221
374 671
19 195
771 228
275 621
900 765
826 214
707 308
39 101
96 237
545 985
322 106
967 149
323 881
523 496
894 616
554 650
897 116
446 290
616 952
982 223
825 685
526 765
944 989
818 350
380 559
208 887
106 177
611 311
923 816
972 834
979 455
351 752
411 343
207 273
813 145
424 782
673 804
575 337
24 45
356 226
645 26
60 639
816 251
758 719
99 917
926 894
880 949
225 162
244 61
781 932
116 82
28 443
58 376
322 717
447 194
922 69
2 774
154 718
565 260
386 211
572 89
712 791
47 962
94 421
362 424
928 889
756 510
565 722
807 611
730 32
123 71
219 400
5 934
74 845
700 713
870 332
379 568
136 722
681 663
387 493
377 731
44 150
915 194
835 590
536 130
270 757
261 388
838 732
807 696
415 703
687 587
346 904
758 688
433 294
364 712
831 147
223 878
713 603
433 865
257 290
748 761
913 313
863 439
775 758
634 462
772 281
830 555
582 628
660 477
448 900
939 206
880 722
155 159
603 23
195 154
702 304
1 731
890 344
361 157
823 476
190 490
654 173
910 908
762 790
458 987
428 789
422 912
611 505
893 128
191 59
189 732
203 878
749 821
628 959
407 693
974 181
976 202
236 921
318 588
6 296
182 843
60 635
934 1000
764 857
734 426
850 378
796 662
420 265
213 745
642 453
240 350
296 894
26 238
349 844
491 214
211 840
158 991
62 474
337 417
292 348
861 869
35 526
36 871
721 341
816 543
928 693
657 902
328 417
594 915
89 111
959 480
420 377
35 500
763 184
297 429
292 720
850 552
288 107
588 878
145 93
442 785
889 258
215 759
188 364
198 345
169 362
853 248
192 423
788 153
727 262
624 251
300 40
480 106
697 933
208 799
7 437
328 146
360 927
734 69
819 451
587 784
213 788
528 679
231 507
926 958
587 255
919 107
175 441
328 679
823 390
842 262
642 826
234 356
183 379
334 636
902 573
99 709
570 757
351 722
706 458
317 39
753 984
546 43
984 452
185 882
445 174
978 541
677 146
732 482
897 206
502 925
30 277
803 753
243 467
349 661
114 153
726 534
42 280
897 603
643 845
117 801
13 285
787 424
852 892
230 488
152 853
884 150
902 189
626 828
337 511
806 365
24 90
686 255
878 746
89 91
46 812
666 790
831 824
614 581
625 124
394 568
335 55
218 558
859 870
547 434
97 77
662 845
349 651
279 738
998 578
510 238
184 590
592 94
589 432
764 538
812 1000
565 31
794 404
272 534
862 666
877 751
819 260
289 67
871 650
431 600
326 557
754 860
804 620
872 821
230 643
755 959
22 494
612 959
916 589
559 783
756 741
369 294
836 506
468 736
614 745
634 287
593 971
272 836
437 369
759 156
811 798
547 834
384 41
939 716
236 978
310 541
481 899
806 886
684 229
992 4
122 691
589 380
122 868
72 834
385 376
253 602
634 127
543 501
473 354
631 760
588 320
497 858
167 82
408 319
905 499
596 773
127 139
944 291
851 774
903 514
480 439
465 147
598 397
836 3
988 530
422 253
695 37
718 588
443 785
614 572
865 395
649 463
972 471
57 893
847 66
346 876
550 27
965 558
294 322
411 497
311 466
396 958
283 204
231 678
732 139
132 506
453 878
947 31
212 774
801 873
56 317
422 809
858 286
743 949
733 849
898 154
666 878
79 720
852 405
477 322
496 829
735 22
97 17
136 441
151 862
653 608
510 934
59 891
928 144
822 612
925 212
159 791
826 267
141 1000
383 640
696 391
656 920
704 7
613 407
578 423
935 947
808 80
132 615
145 689
922 555
110 268
396 78
93 821
253 920
470 358
885 832
901 138
23 388
814 564
808 16
541 653
359 312
742 230
482 723
902 510
344 954
256 622
995 899
503 668
257 854
327 74
417 196
842 626
84 742
92 507
651 352
201 412
912 207
336 329
599 140
434 383
328 92
289 560
800 26
684 778
340 705
512 811
101 247
500 388
641 11
608 137
295 141
214 594
445 897
3 865
587 105
634 571
446 275
88 356
977 524
733 303
876 798
974 506
909 702
85 776
699 507
607 225
668 872
576 801
870 378
28 859
972 604
593 585
924 959
983 415
14 916
705 104
955 578
366 639
377 668
367 942
75 580
540 972
622 248
341 463
391 781
233 374
950 782
176 899
343 494
877 804
484 231
459 323
45 667
149 368
674 453
356 573
799 311
898 972
924 957
686 749
421 333
521 926
891 359
736 71
680 266
93 172
94 68
591 383
783 176
766 353
321 496
377 73
584 643
49 27
357 153
425 478
115 383
369 83
500 511
31 540
830 729
115 476
626 870
30 215
704 60
205 104
747 592
486 595
108 729
706 798
885 995
895 950
620 717
814 866
877 392
421 808
158 658
208 320
336 31
823 319
9 981
486 516
384 521
889 221
544 100
716 279
76 475
93 934
702 612
452 377
515 399
708 696
905 181
408 785
329 908
659 563
731 123
388 111
938 674
29 954
391 894
117 108
219 293
50 170
118 239
754 948
636 544
138 729
888 614
999 808
415 434
523 171
765 743
641 456
676 93
512 45
410 33
58 153
32 58
943 925
280 646
464 968
102 460
514 913
343 650
922 54
235 780
409 781
921 93
938 572
966 577
338 6
345 721
922 246
882 469
901 502
988 633
815 602
920 574
620 797
103 131
812 301
36 639
477 56
326 662
304 539
20 301
523 817
177 493
360 964
278 377
955 226
131 917
912 515
257 567
506 45
22 53
267 306
917 350
190 494
622 530
782 814
285 171
984 795
635 740
806 707
523 855
675 471
405 683
530 195
24 240
13 918
995 290
574 795
477 502
445 755
976 172
170 803
589 109
930 627
680 987
132 139
380 569
361 922
955 757
299 213
164 848
965 591
627 706
418 117
183 724
79 29
166 626
354 319
359 723
993 521
873 297
903 580
269 80
278 775
684 935
620 147
598 856
720 188
546 44
538 518
343 77
869 789
264 235
553 454
219 172
746 638
577 252
817 596
42 369
106 593
736 67
611 10
168 586
194 87
397 886
795 723
639 826
756 964
954 4
67 415
361 132
274 220
294 332
224 114
343 117
157 326
34 342
300 651
107 567
740 514
364 356
774 994
132 352
303 872
738 878
945 167
818 499
929 722
839 476
900 203
602 446
873 422
238 564
96 83
258 702
502 70
331 430
531 981
78 880
503 156
795 305
681 788
985 305
170 732
213 1000
941 901
638 984
147 586
778 150
402 692
878 178
726 833
298 363
14 400
976 687
676 342
451 736
770 935
325 301
296 237
562 569
807 360
983 231
438 372
734 408
736 604
590 636
874 785
938 230
61 536
352 579
259 705
73 953
10 481
681 9
822 164
598 1000
639 773
494 197
806 347
3 288
519 390
39 421
226 831
447 967
250 362
860 764
677 814
833 404
945 266
834 921
899 396
440 269
245 64
673 489
881 633
930 593
282 224
741 16
503 440
539 881
887 404
4 614
886 260
95 570
905 87
372 493
343 634
559 527
961 105
928 303
525 751
624 908
952 386
820 506
388 43
819 652
677 72
719 255
670 701
314 517
997 424
78 883
517 336
911 695
915 413
47 685
973 532
852 812
57 97
0 843
954 775
184 959
57 936
66 391
898 936
272 725
32 112
480 328
135 346
458 578
666 779
800 261
187 270
402 395
648 474
699 991
386 401
610 298
415 956
121 507
673 324
43 424
766 575
525 429
244 7
908 705
173 657
194 240
871 107
889 708
318 336
264 258
443 87
607 595
644 389
24 677
89 605
818 124
18 195
801 133
708 360
694 326
350 10
542 301
622 380
178 96
199 863
712 887
731 249
699 316
20 681
908 242
596 310
940 2
513 737
477 250
302 669
694 261
471 319
376 984
405 554
875 96
716 57
163 86
364 971
560 925
707 110
348 246
252 433
781 824
311 770
761 517
899 44
692 155
20 419
281 283
851 325
203 391
670 47
22 430
256 83
512 848
490 623
159 474
663 544
954 344
367 389
8 572
975 305
215 42
294 190
524 821
865 476
186 503
300 657
6 773
566 626
959 713
493 339
91 433
919 45
518 821
948 374
172 192
484 874
906 682
534 145
747 293
389 145
313 692
470 235
362 186
967 208
565 358
312 462
157 552
733 114
140 83
396 400
828 827
78 710
669 339
548 442
504 158
99 225
797 564
996 445
862 142
675 677
130 778
93 979
337 20
759 714
82 684
978 156
211 833
677 430
127 714
34 965
444 177
614 241
426 556
917 612
409 59
818 396
528 604
407 823
809 940
638 835
453 713
527 55
257 468
205 191
387 298
613 364
772 374
834 373
697 384
484 587
4 908
164 92
896 854
207 476
234 787
322 886
296 150
954 943
955 633
856 684
614 76
749 97
923 117
669 428
382 173
820 586
464 1
617 689
756 329
943 348
880 490
84 349
531 766
841 46
641 718
119 237
245 882
477 207
49 846
5 249
664 708
676 979
605 546
792 676
773 662
723 591
13 551
405 133
691 278
278 808
139 140
638 316
443 67
598 748
906 455
404 103
255 978
153 738
669 67
156 540
261 861
18 466
627 679
911 639
169 96
268 581
934 563
959 876
782 48
598 245
456 324
135 477
363 792
329 753
511 249
241 338
938 385
787 345
94 754
598 674
363 976
711 412
724 912
708 690
394 328
221 535
100 382
557 642
2 294
631 209
349 986
26 853
212 636
506 635
932 709
793 82
84 606
99 779
882 527
141 933
501 824
10 241
752 937
308 669
519 110
933 320
223 402
564 756
634 43
233 837
508 79
21 428
556 673
839 775
63 694
409 528
813 609
957 754
375 968
89 174
439 546
674 227
477 6
873 706
460 866
998 474
191 611
615 716
93 345
972 587
574 434
97 656
43 198
725 999
509 598
966 604
454 440
634 241
735 872
181 11
419 758
956 619
605 702
640 123
81 350
798 965
171 642
431 318
536 751
550 474
796 787
713 608
788 623
224 825
395 342
862 936
317 568
924 980
203 346
164 96
572 117
624 172
303 228
268 459
741 946
641 26
809 320
176 753
149 225
280 703
868 165
51 357
328 793
930 30
118 441
626 435
171 86
907 325
891 90
652 801
782 607
338 886
693 584
121 255
220 790
671 458
309 364
385 1000
927 45
275 753
55 401
896 293
547 747
86 160
501 200
396 833
504 602
999 798
419 29
838 140
777 533
400 715
222 831
239 298
704 656
89 315
321 199
70 331
562 898
485 352
894 449
916 218
383 554
168 786
554 42
729 639
647 979
527 971
520 192
586 236
929 603
835 958
227 699
375 901
777 498
384 267
677 821
703 577
535 375
883 936
128 733
935 423
392 878
848 609
571 278
179 516
698 353
801 711
417 59
179 749
666 805
550 921
543 820
200 159
114 166
105 623
18 826
76 600
569 777
410 875
531 178
1000 252
780 64
188 14
903 888
673 396
100 347
438 130
82 395
886 182
299 960
152 399
828 512
116 112
332 453
776 862
184 535
892 893
395 840
216 318
795 304
312 189
554 932
466 556
437 732
101 272
74 41
960 144
249 893
934 774
77 925
625 576
431 433
949 627
427 338
58 69
48 789
965 532
618 862
290 723
883 485
256 559
816 296
339 325
529 199
171 580
739 311
42 347
63 852
808 0
52 250
93 465
878 248
938 169
641 807
337 165
719 432
706 865
425 584
758 890
775 831
647 199
264 483
318 590
638 62
589 568
619 298
50 547
221 245
887 627
609 958
365 149
79 994
371 926
967 326
871 727
170 150
309 829
425 59
42 327
101 239
992 883
995 73
960 938
398 584
80 292
314 191
314 859
303 721
286 502
71 363
585 3
882 387
55 209
305 982
430 750
550 431
1000 520
951 652
619 996
109 895
138 622
809 881
633 331
434 15
829 986
881 517
136 729
18 191
383 884
663 659
442 502
640 867
847 801
948 771
929 974
362 354
632 514
874 405
708 856
819 984
362 640
154 987
790 779
675 186
374 784
619 519
815 969
598 951
180 133
350 846
310 157
550 652
121 923
770 840
302 727
365 37
293 844
983 759
724 558
602 201
886 490
491 659
404 400
981 377
763 394
187 874
145 578
627 130
443 657
858 631
571 540
962 211
967 950
353 252
149 856
912 600
103 127
750 991
970 441
5 715
34 450
767 321
567 616
889 584
841 883
489 502
892 231
921 24
6 5
786 30
345 523
51 414
769 424
964 923
99 829
702 155
336 865
609 488
763 623
657 774
23 973
571 826
714 229
61 116
464 853
529 122
614 766
80 246
265 943
190 171
438 369
902 30
306 457
127 777
991 544
617 150
361 410
485 537
921 79
576 339
866 712
605 168
359 496
725 851
325 560
197 999
330 766
646 362
387 504
603 420
469 671
53 188
852 25
352 689
592 447
54 374
841 230
634 945
177 596
928 529
530 352
488 606
840 408
640 450
418 114
555 434
917 540
956 58
194 876
410 884
558 795
578 949
922 285
261 546
306 728
239 119
418 608
393 724
369 277
583 853
807 75
32 495
569 480
481 28
731 338
870 713
433 366
450 845
394 419
195 540
19 574
431 373
711 296
728 452
321 262
902 603
26 883
397 845
741 370
952 620
347 977
413 142
617 816
549 638
388 105
699 399
491 512
91 260
176 417
548 454
333 388
966 717
331 789
291 740
763 278
828 314
642 9
187 118
101 245
831 277
417 463
112 656
200 435
980 330
421 704
425 428
186 735
488 725
923 276
271 339
755 74
388 223
845 928
214 175
489 942
523 182
465 10
201 445
19 66
499 603
860 323
612 28
280 67
837 416
151 171
945 454
812 819
233 452
850 590
336 235
75 770
379 402
177 977
933 50
208 342
768 456
435 128
581 361
218 589
269 795
622 54
321 0
811 297
181 517
541 821
797 103
190 589
580 301
729 304
344 711
683 99
239 151
649 396
219 493
158 155
913 256
149 982
821 547
855 269
385 696
534 180
705 604
153 905
216 747
500 124
879 664
835 501
838 195
48 272
668 474
903 611
314 937
723 537
310 83
921 724
152 485
71 473
215 33
377 738
789 920
738 83
862 577
503 653
200 948
273 633
244 881
648 318
946 926
397 420
690 723
493 658
802 576
634 812
286 645
500 787
615 201
509 193
627 928
603 598
706 977
272 714
388 322
171 298
795 52
977 126
32 844
879 590
846 867
174 424
565 149
330 440
22 415
584 718
605 884
22 977
167 417
135 135
735 833
372 636
569 397
654 802
18 433
879 858
558 880
859 35
929 576
865 394
704 784
702 593
313 937
386 646
767 90
679 176
765 49
627 494
671 0
681 725
918 615
760 512
914 473
29 740
792 770
535 570
200 655
32 591
581 505
82 62
355 816
466 246
772 486
951 405
523 584
468 427
623 948
171 733
809 381
535 274
823 702
837 533
201 213
159 922
608 496
35 214
217 216
703 138
174 353
72 625
706 90
826 259
859 822
387 94
834 911
431 231
192 937
136 990
5 840
825 186
985 707
87 982
538 650
538 484
545 378
960 710
546 995
440 470
237 771
928 165
24 999
38 486
70 861
453 325
519 372
719 698
355 335
159 234
439 688
898 602
614 241
506 810
748 178
826 716
191 500
698 789
886 476
153 541
826 115
479 191
62 304
350 752
845 573
351 660
120 354
16 926
537 953
878 192
55 508
131 799
188 447
976 826
58 625
2 638
625 756
919 336
583 335
127 713
478 318
217 609
163 586
363 782
141 801
658 555
975 375
733 864
72 543
523 235
281 947
873 678
874 940
980 5
19 853
698 464
774 651
947 821
28 892
997 745
225 490
55 85
150 350
951 221
923 702
901 713
823 507
646 433
818 157
893 167
502 485
918 886
218 176
550 617
680 826
712 826
652 943
836 778
671 225
598 198
969 479
625 320
217 825
287 567
147 585
67 569
492 655
451 449
15 295
551 221
454 984
513 865
864 893
856 940
831 687
556 369
249 560
160 283
155 219
660 972
331 151
624 812
453 311
467 875
773 7
104 453
739 862
530 954
15 832
50 672
450 191
474 141
723 897
840 764
387 808
541 715
215 399
199 499
329 681
843 485
890 543
120 885
974 718
515 969
53 156
599 457
336 362
253 156
530 977
576 26
944 510
451 288
978 435
814 299
51 365
280 294
740 476
534 274
114 616
621 262
211 736
175 248
142 239
523 75
168 435
285 800
268 450
506 883
342 45
336 862
493 641
693 825
949 504
977 24
975 90
668 388
729 652
644 817
526 274
527 593
661 736
253 494
769 351
100 54
934 601
571 877
978 358
391 354
303 824
251 134
670 373
591 180
815 924
893 904
777 984
590 106
528 11
617 193
564 903
37 893
306 82
10 764
451 712
881 415
229 371
364 749
99 600
915 106
621 442
250 822
619 57
379 271
417 946
661 681
340 654
475 209
485 643
895 421
702 332
450 941
878 972
203 801
9 364
707 84
783 933
827 788
52 546
658 297
588 164
116 832
589 675
204 899
493 763
522 428
250 228
46 857
871 194
879 746
612 483
483 294
20 269
904 696
482 383
550 888
430 746
190 39
48 976
912 614
541 459
855 431
708 443
449 689
951 258
575 634
754 329
339 65
917 772
280 408
874 191
0 799
384 966
568 125
467 6
971 639
988 94
656 300
971 909
774 514
169 39
551 471
763 12
644 714
176 49
698 288
436 647
777 126
907 318
102 249
80 398
879 312
745 666
658 755
44 630
949 446
513 36
576 19
615 798
16 656
83 519
820 748
435 956
126 40
119 713
302 608
19 910
514 173
759 317
311 204
93 429
293 649
135 225
88 541
176 428
895 957
718 209
457 915
780 793
253 784
942 863
947 26
450 892
556 147
360 353
907 795
74 985
149 258
38 210
633 61
524 84
609 609
186 354
402 390
465 919
305 475
583 6
992 768
631 671
461 296
679 886
121 501
231 305
393 882
21 250
355 350
99 543
208 622
86 978
122 356
685 265
600 126
662 947
149 718
635 804
668 196
3 123
784 206
534 144
729 128
126 880
689 72
805 576
629 617
217 613
370 764
972 329
851 935
882 447
479 907
971 341
932 396
127 325
393 558
859 880
568 606
885 761
985 264
821 394
809 995
611 714
158 222
575 812
832 785
845 57
34 662
138 946
333 702
84 101
947 464
676 736
56 756
558 676
537 629
218 692
761 256
153 277
737 204
705 751
303 406
802 540
792 999
802 120
558 292
613 85
920 408
174 92
601 922
527 354
695 468
961 524
809 152
169 716
481 859
354 62
35 156
859 880
935 600
167 794
375 71
647 433
847 121
766 811
902 235
974 313
697 978
630 807
981 806
146 960
505 964
423 661
531 403
848 427
962 875
83 156
620 295
18 307
379 959
927 525
888 78
136 946
8 844
465 438
2 170
635 952
605 528
522 627
924 257
365 746
268 941
528 360
618 38
902 220
35 692
906 613
796 249
370 958
361 908
709 181
205 395
223 642
394 604
556 592
793 327
772 771
442 340
975 677
87 481
178 244
366 206
677 506
894 474
359 699
517 398
488 852
761 190
325 593
199 689
631 935
498 342
174 987
899 484
432 578
430 744
14 293
992 252
22 23
855 172
131 825
983 178
405 912
145 541
437 137
540 792
230 1
861 780
684 889
554 451
949 461
480 125
147 527
542 305
758 32
621 337
173 167
669 500
739 223
578 956
344 555
157 540
110 442
121 255
753 513
918 640
835 666
116 850
350 386
292 997
143 969
482 937
26 887
931 556
795 913
3 549
695 612
473 567
118 568
531 607
168 192
25 291
272 181
309 913
705 322
355 134
640 55
242 995
801 262
596 155
234 818
942 52
65 107
908 541
389 810
486 242
202 20
63 952
326 870
101 484
817 253
616 917
158 963
762 990
602 806
286 653
431 362
552 413
665 348
323 524
195 579
834 286
397 732
72 590
421 613
321 167
18 755
381 711
423 331
744 734
547 577
181 155
784 263
302 715
243 765
800 475
976 572
673 282
738 536
735 472
7 23
621 489
103 472
621 34
400 642
667 809
965 485
364 397
125 403
998 850
354 720
888 680
420 345
630 201
286 317
850 661
736 860
362 62
690 356
408 708
897 210
262 208
167 680
900 252
622 400
838 957
862 180
968 696
814 200
806 310
740 786
811 822
5 25
776 715
751 392
516 308
791 70
764 795
698 417
475 239
491 798
589 861
262 271
333 724
868 549
626 582
553 788
374 289
225 311
565 308
680 703
769 812
361 97
931 219
422 646
364 528
502 616
273 989
593 993
243 223
101 164
975 357
477 830
603 391
473 477
27 512
97 942
217 248
797 292
59 28
989 263
560 696
349 766
460 348
868 194
105 565
318 514
188 0
552 103
789 951
708 72
415 316
42 970
697 551
124 173
173 331
507 56
387 952
417 901
593 194
622 806
89 243
529 606
839 80
732 78
89 975
207 551
455 298
675 523
857 895
12 590
436 602
848 544
486 920
430 589
160 46
729 91
804 288
617 313
327 89
854 157
585 177
312 739
19 692
521 926
554 34
977 68
915 735
6 161
622 410
276 972
165 471
14 708
621 20
459 658
99 121
119 407
83 900
354 469
808 477
821 72
920 552
500 99
516 910
407 505
552 241
624 79
789 936
175 100
771 731
322 896
121 861
118 798
812 592
144 576
539 317
698 697
805 551
424 693
629 439
348 634
601 293
660 704
438 861
131 5
889 867
715 327
571 749
413 27
640 182
679 862
592 440
791 451
91 446
618 494
5 402
442 709
510 560
752 286
782 438
668 421
675 527
974 652
520 153
943 512
627 404
17 175
317 192
548 324
57 977
234 468
192 107
484 294
226 169
536 409
507 439
509 737
507 319
470 107
845 485
396 669
432 108
646 731
607 477
832 272
975 573
510 436
914 905
785 396
676 762
387 252
654 315
839 310
79 153
263 858
833 342
371 378
274 47
690 602
812 867
692 406
303 958
167 70
533 856
651 9
978 947
266 168
719 866
160 468
643 212
831 802
695 812
966 624
110 791
952 935
121 935
455 475
288 327
708 119
14 846
169 518
47 23
796 114
463 667
790 827
276 109
939 850
182 286
84 141
665 147
971 672
881 864
167 610
506 483
739 998
731 926
32 401
226 449
293 852
916 804
164 734
702 947
241 208
3 895
792 649
634 220
936 367
743 205
226 389
707 658
295 495
661 431
240 658
765 757
494 127
722 803
745 828
84 430
587 837
266 653
636 541
954 465
638 893
602 920
395 676
617 874
28 682
745 43
481 58
537 209
215 51
630 740
486 682
607 755
326 179
397 851
113 311
969 286
875 974
485 426
48 998
596 345
735 326
129 811
463 748
119 486
316 460
620 729
486 19
783 950
45 993
416 195
983 977
871 254
296 60
353 143
171 728
7 701
473 164
176 447
223 45
2 564
305 79
720 520
322 71
461 514
824 786
593 851
654 581
359 445
49 181
621 241
979 139
981 183
463 492
952 680
840 371
104 884
390 0
325 722
744 295
473 565
453 106
754 540
787 176
845 678
975 818
183 189
377 402
142 880
750 735
429 972
638 487
623 129
441 507
717 632
538 878
939 736
90 581
79 55
167 220
19 982
524 405
807 781
633 986
207 586
129 842
907 251
151 635
998 611
916 42
582 471
244 331
522 270
116 862
853 579
444 139
259 591
565 828
668 923
164 780
968 756
511 713
765 1000
954 476
225 597
684 355
10 825
726 954
442 103
462 971
487 748
750 121
750 838
203 628
348 774
417 161
331 667
20 787
615 49
77 771
386 1
67 975
482 292
297 159
156 700
512 610
383 293
4 956
325 29
444 22
62 977
886 799
610 521
496 822
793 619
918 678
297 56
244 724
921 4
830 654
936 770
949 55
995 718
545 5
739 538
101 924
546 160
557 777
947 471
47 495
0 178
679 913
103 199
689 946
237 201
243 875
509 264
937 955
511 655
739 7
489 853
920 631
747 856
381 18
126 43
936 197
62 374
915 930
848 770
645 443
907 852
543 951
11 676
533 858
79 727
177 557
655 830
936 154
267 4
327 432
385 631
985 568
497 598
26 508
90 102
782 403
667 645
744 554
585 557
402 803
252 596
697 579
684 551
77 38
984 684
455 630
474 743
0 67
840 477
671 82
852 445
470 640
967 4
620 690
466 599
701 40
975 888
864 344
456 339
161 672
312 638
132 251
731 231
870 441
190 257
990 723
768 600
585 906
279 482
692 34
360 671
706 981
807 27
380 318
756 295
29 829
231 89
714 975
704 679
420 41
503 424
215 927
235 981
280 73
133 605
703 528
68 792
627 711
139 350
837 545
957 301
747 67
202 294
937 596
233 198
786 158
259 836
824 73
268 343
50 316
240 709
180 663
966 312
550 997
138 196
559 25
948 867
541 233
659 791
252 912
709 997
78 448
368 601
965 373
244 378
711 770
53 815
281 614
962 594
71 232
278 511
578 138
134 595
670 513
910 8
374 58
17 761
58 756
368 24
988 53
120 769
728 950
482 309
277 169
890 132
527 629
565 682
160 705
603 779
543 430
482 370
786 338
275 231
206 222
988 879
70 378
332 548
933 740
90 752
557 384
336 247
52 697
640 646
488 827
472 886
906 231
899 768
2 354
45 982
907 971
870 2
449 185
733 111
623 266
256 559
677 981
745 908
309 898
580 830
495 522
702 725
842 603
840 275
237 634
387 47
547 496
940 620
313 319
73 716
116 699
311 380
272 370
492 684
408 96
169 96
799 123
323 850
561 657
653 865
759 475
955 630
748 824
686 777
407 705
856 23
931 889
143 620
286 743
452 972
79 883
663 734
494 830
923 448
168 11
167 662
457 783
606 752
765 927
751 770
856 189
801 43
243 650
74 426
620 637
884 731
688 851
119 122
200 564
58 592
618 832
94 498
320 334
410 841
118 83
544 170
508 651
961 389
731 9
460 172
366 802
583 813
491 209
709 665
75 694
236 1000
521 64
285 251
633 497
635 663
258 406
277 409
426 942
937 758
806 715
992 905
801 530
356 110
135 271
162 957
500 299
392 980
543 381
651 909
830 408
285 734
971 146
540 567
515 879
609 612
747 745
591 862
217 395
144 618
968 468
820 613
630 792
910 986
214 198
447 484
686 79
281 204
229 3
518 524
596 896
747 412
523 797
218 992
431 633
548 248
457 55
891 121
190 851
102 54
591 417
927 302
895 340
456 283
403 410
548 243
237 646
63 316
852 240
401 43
650 732
215 119
230 125
244 609
210 402
156 386
929 619
958 219
593 323
576 313
924 894
536 905
363 373
20 85
640 741
232 900
56 72
472 533
661 889
631 517
956 446
652 601
235 45
306 458
112 570
962 366
798 210
105 343
740 624
551 735
974 185
907 273
738 962
953 771
175 467
89 684
101 850
782 361
858 709
645 144
703 36
974 627
660 533
961 982
364 398
606 173
534 737
161 632
749 4
83 821
320 869
800 193
500 27
760 368
39 245
548 712
857 869
716 938
138 322
516 434
463 535
997 272
405 388
680 47
268 998
79 157
452 410
481 950
416 807
133 985
682 270
262 844
466 572
705 329
660 976
86 780
432 339
966 430
98 6
793 830
785 610
277 383
1000 100
127 755
133 683
949 712
885 905
554 54
693 711
112 401
915 149
233 994
855 696
258 653
735 735
839 442
313 11
784 547
921 960
40 647
653 342
863 158
333 768
942 447
947 68
955 894
217 607
988 930
216 209
497 357
253 281
10 149
46 446
832 695
855 669
52 989
372 320
417 848
591 855
688 74
530 689
921 252
883 692
278 555
278 63
815 732
382 968
729 332
679 482
564 210
523 182
603 196
191 809
788 992
132 154
171 144
774 505
273 734
745 118
266 149
16 830
522 982
813 823
911 269
467 408
468 237
855 780
176 758
275 192
893 189
523 320
530 800
462 39
280 789
127 541
657 263
400 594
32 361
406 194
754 960
950 573
400 112
764 891
612 313
932 836
988 355
306 240
699 983
189 858
647 145
60 381
436 454
678 669
524 626
674 98
622 71
503 669
663 193
946 892
508 64
245 172
358 591
67 484
804 150
297 358
794 15
475 76
115 968
822 160
161 330
384 261
541 394
948 920
630 356
266 32
588 713
582 338
41 57
935 783
827 738
104 966
134 309
339 739
656 440
924 121
714 924
663 944
833 268
634 340
235 211
596 608
326 251
718 681
908 329
605 234
653 384
477 549
760 191
116 219
987 502
798 50
461 803
720 704
290 972
80 731
460 435
487 515
346 92
975 174
884 82
306 997
682 71
13 131
119 177
590 380
610 81
538 741
441 638
289 43
560 292
866 401
659 667
508 598
115 458
697 353
158 129
565 928
552 405
965 284
850 864
332 955
947 527
10 200
580 18
646 936
426 990
939 933
15 361
0 24
201 485
307 580
630 912
215 764
647 69
585 871
551 142
900 100
759 389
439 464
787 725
264 213
866 903
648 219
814 359
932 650
342 388
382 678
639 800
889 893
891 160
397 471
580 806
224 666
232 599
451 414
189 663
7 119
26 409
212 978
56 457
188 173
63 326
493 245
353 188
734 661
911 135
710 569
292 27
725 486
998 620
242 759
386 158
598 320
220 972
855 828
51 565
341 965
17 154
432 399
964 154
810 88
758 367
248 885
591 580
305 261
519 150
315 877
993 489
236 402
875 1
244 967
629 790
415 235
648 273
742 722
986 289
131 636
751 659
111 917
273 502
550 21
703 190
662 860
527 659
86 444
50 622
747 860
265 242
342 786
38 121
901 601
67 911
323 160
641 338
197 697
842 216
630 682
564 651
920 831
365 60
328 950
626 600
598 644
492 571
55 104
225 626
183 504
674 208
538 213
955 356
653 857
845 178
299 705
60 456
417 492
994 134
968 526
244 452
571 132
500 652
201 477
422 136
675 368
111 720
675 716
26 453
327 402
388 559
339 482
201 684
197 154
432 564
771 147
914 593
675 108
864 681
168 394
897 500
404 367
74 426
75 948
420 875
505 337
267 605
296 447
21 564
399 135
47 635
223 300
92 708
420 892
149 994
88 293
425 86
744 945
203 49
177 49
205 245
745 405
577 562
473 865
806 101
664 557
725 662
747 340
488 572
156 30
747 958
659 108
357 561
472 185
123 685
681 917
588 785
829 425
586 586
236 38
492 514
984 708
181 625
890 876
783 206
149 481
95 401
142 56
100 862
505 64
413 135
865 683
329 610
27 118
223 957
761 597
121 109
75 608
356 167
583 165
102 889
437 574
288 860
86 298
906 707
224 764
918 365
300 38
394 670
508 138
624 960
390 894
614 859
323 258
567 948
433 430
3 10
862 367
941 626
615 577
628 762
710 540
630 93
836 163
815 680
758 145
736 462
11 524
273 25
976 130
429 892
498 811
894 865
298 485
348 588
548 553
741 801
224 772
43 318
286 423
167 332
914 283
221 425
594 380
49 335
765 494
940 202
691 781
676 113
307 313
16 973
684 278
918 713
611 666
483 265
879 876
269 491
663 422
426 338
652 536
966 768
380 963
161 787
656 962
802 160
820 511
333 133
332 269
721 221
411 772
781 455
302 917
313 321
863 793
496 299
459 681
578 656
785 690
78 270
944 713
684 705
538 417
886 150
46 450
176 725
410 944
898 444
880 854
546 261
461 619
662 115
84 917
56 496
414 652
659 312
367 833
543 24
380 803
337 165
932 881
880 754
430 273
71 535
270 289
149 395
924 485
519 908
563 163
778 883
790 390
832 825
938 453
45 517
880 491
303 124
905 321
129 819
887 970
572 181
102 711
853 613
238 140
665 973
740 508
748 414
535 710
35 324
562 853
808 116
423 752
238 281
937 860
538 944
136 762
940 730
987 586
372 832
840 169
525 554
765 907
716 291
992 557
853 182
753 840
961 768
926 412
846 308
216 728
579 988
102 252
168 845
975 15
338 694
222 605
194 631
931 785
498 486
311 700
530 481
541 670
625 924
661 380
70 303
97 750
10 637
220 893
305 150
954 621
801 808
936 748
702 285
286 729
869 426
935 870
973 787
825 272
512 492
423 298
596 862
700 860
188 216
318 373
975 344
102 305
473 677
995 631
868 157
621 506
556 585
184 159
784 18
357 555
57 405
405 587
457 692
879 787
91 922
827 286
913 635
722 732
27 682
867 602
546 477
660 257
147 966
383 864
501 147
553 226
413 941
179 466
504 969
60 345
710 684
373 885
350 438
171 228
228 965
211 590
871 3
649 508
44 829
991 615
521 600
179 436
129 900
664 365
332 689
796 164
288 82
629 296
78 513
446 806
322 586
124 572
155 997
190 943
503 891
20 729
68 661
86 595
132 810
156 290
214 269
583 267
515 995
350 98
891 968
56 964
269 133
304 922
165 749
942 981
574 766
607 28
6 119
34 927
770 229
890 998
786 211
825 758
430 458
240 235
772 86
838 901
473 733
320 295
808 313
84 857
400 575
510 516
917 396
120 93
263 11
661 145
111 989
416 589
3 163
200 415
523 78
924 280
93 193
476 400
692 779
35 43
892 335
335 952
426 176
202 285
458 128
537 453
386 78
79 9
977 388
219 85
61 76
106 882
447 820
426 357
273 395
148 259
136 455
545 856
583 96
48 566
449 883
388 763
807 192
813 217
811 499
980 884
920 509
275 292
861 558
441 814
593 970
562 306
818 912
238 911
64 944
611 789
886 848
970 399
215 780
134 192
780 144
638 292
405 144
59 935
556 489
198 453
805 490
1000 856
868 107
233 174
559 582
884 226
928 952
807 459
168 27
323 544
886 272
33 777
947 152
320 397
920 880
753 390
504 498
85 384
138 393
551 76
392 821
843 926
926 597
413 860
693 269
347 680
554 676
436 75
324 497
829 717
664 447
719 286
26 76
999 608
596 440
71 290
176 37
316 979
34 719
593 470
465 93
736 676
779 241
314 904
478 139
163 358
353 537
766 560
790 607
536 567
874 167
686 722
27 340
43 316
245 884
569 407
25 826
26 831
679 164
47 966
66 1000
541 259
188 941
517 946
553 71
142 641
809 644
687 556
351 600
57 766
812 798
697 168
767 920
868 218
685 227
750 654
217 355
505 584
910 157
873 417
9 388
36 629
565 118
967 505
724 500
85 498
898 555
858 479
184 397
737 835
324 24
736 711
375 421
678 70
588 176
717 795
637 344
28 394
781 767
959 875
945 875
13 937
329 356
895 501
784 174
105 667
970 347
466 280
902 570
384 172
71 426
990 596
893 717
406 456
827 436
707 725
761 37
643 745
312 785
776 635
762 758
71 329
923 853
13 922
21 116
981 48
982 703
302 468
450 963
346 677
663 903
410 793
45 4
424 923
559 594
948 473
929 821
384 54
230 909
849 181
363 527
429 155
317 769
38 637
973 643
710 148
144 201
927 806
676 369
202 310
138 160
260 535
722 171
828 464
542 290
896 254
219 472
259 509
715 569
910 919
459 541
990 222
603 198
524 935
194 94
725 718
946 562
64 149
539 750
419 42
75 741
527 482
638 161
274 105
380 22
906 751
44 978
785 627
436 604
57 203
270 735
380 688
536 573
365 955
95 595
726 348
462 3
505 366
254 133
715 246
859 45
341 313
925 720
677 103
659 328
270 576
452 812
2 593
987 464
170 6
148 779
798 744
115 10
323 597
31 847
599 304
682 529
73 302
651 113
656 571
361 262
675 781
980 452
669 795
664 756
735 407
924 451
808 402
67 608
973 554
216 274
348 571
395 478
805 242
975 221
943 354
29 812
651 875
142 299
183 636
846 814
844 99
366 636
157 75
126 399
39 585
188 337
590 815
423 317
44 460
152 879
467 489
311 138
613 683
204 118
867 829
726 902
200 242
340 35
347 983
416 837
786 881
888 181
997 951
164 82
618 569
57 204
104 878
362 963
428 412
820 237
460 5
195 989
8 205
74 6
430 175
616 938
646 760
951 933
999 477
854 665
276 356
16 520
658 723
219 800
168 730
64 718
252 97
435 445
49 165
817 182
547 780
44 678
89 222
979 770
767 262
332 591
871 635
164 911
756 453
831 29
708 226
2 918
516 31
63 797
482 250
181 80
999 761
99 526
148 272
731 535
340 93
962 818
154 864
702 322
587 948
172 915
778 482
626 50
785 157
565 780
878 492
504 472
711 731
816 999
296 167
881 267
522 736
651 539
193 354
468 415
49 268
634 311
187 479
163 799
764 261
984 606
381 403
101 880
345 577
39 106
239 757
798 363
683 993
15 559
885 660
208 699
638 259
580 834
513 463
883 414
271 975
872 541
122 144
325 962
836 376
532 760
405 762
803 194
535 889
611 982
323 713
859 981
684 467
274 36
509 314
222 122
356 30
538 353
962 774
338 197
276 240
132 400
259 149
26 26
643 682
960 650
514 523
996 435
191 460
25 939
465 151
700 1000
597 775
81 92
893 970
800 550
992 140
561 388
768 634
215 78
312 577
627 348
552 982
456 684
700 999
865 953
737 401
566 979
523 628
225 342
648 8
597 292
235 263
238 255
457 473
832 52
223 757
377 173
456 896
168 755
613 736
304 408
907 907
771 117
995 968
590 795
839 445
83 603
146 804
35 725
850 788
930 467
404 945
593 598
504 475
674 694
113 822
190 837
52 104
268 858
801 108
774 528
469 549
456 571
982 307
833 604
762 273
124 594
927 96
652 124
548 920
485 36
951 681
22 1000
299 274
893 408
624 478
154 943
10 588
897 497
813 176
845 649
35 9
918 751
135 628
394 452
744 921
960 656
687 536
18 829
550 363
111 924
854 494
124 592
295 214
465 854
145 927
262 513
870 271
223 154
200 532
433 484
617 146
993 288
92 344
144 870
363 354
310 10
696 595
763 68
987 428
55 360
819 716
883 930
230 308
922 158
324 13
921 389
408 393
833 294
383 281
102 916
741 636
404 910
854 300
624 527
770 436
702 23
787 131
543 806
947 417
197 443
824 616
75 698
316 468
452 241
19 397
989 377
52 113
797 191
97 789
503 518
544 640
24 468
68 332
763 848
495 936
588 341
378 764
914 880
943 144
131 848
15 752
735 922
740 101
320 709
75 247
554 8
797 873
658 298
883 135
304 496
846 274
865 45
383 37
736 322
595 526
193 897
328 416
696 854
147 809
4 425
366 954
949 95
21 501
835 35
815 438
107 114
12 934
693 949
977 492
811 96
142 212
419 669
618 618
411 925
134 304
57 287
853 873
241 498
518 204
825 461
999 817
180 322
244 939
480 156
874 960
550 354
360 846
816 161
821 592
114 166
198 126
162 803
271 867
559 721
789 179
185 687
199 629
521 260
207 992
384 852
868 357
601 348
418 368
984 136
349 3
63 144
82 909
593 435
936 848
92 711
644 88
753 598
236 759
663 196
307 814
456 105
366 426
833 300
113 59
671 583
543 480
134 836
649 456
823 497
997 380
430 336
885 627
170 454
45 563
303 705
484 768
944 104
822 512
134 779
157 986
680 254
854 498
55 76
902 936
178 586
989 664
248 616
53 985
390 46
312 17
709 41
795 451
702 543
971 383
274 709
173 933
220 334
482 857
893 843
936 246
517 888
253 483
749 494
467 945
222 504
472 507
464 921
197 308
248 151
580 924
547 566
758 199
99 249
24 421
27 369
644 953
670 269
927 773
265 676
565 25
423 201
18 802
492 595
139 162
993 529
817 591
433 667
329 835
855 183
323 196
149 499
470 272
830 452
436 138
588 275
479 26
10 23
2 152
598 245
719 91
632 880
143 454
787 431
571 321
703 418
151 908
306 612
14 97
848 420
159 876
65 394
747 530
105 213
975 460
115 559
540 756
839 48
149 705
162 70
607 60
105 87
302 230
125 77
863 271
350 600
159 416
252 744
509 914
20 851
150 614
351 212
562 598
519 24
116 936
424 405
679 337
185 142
161 54
183 366
962 541
319 703
424 88
104 886
861 870
593 604
920 183
125 979
147 845
739 133
82 685
275 659
461 503
242 185
961 575
263 571
301 783
361 650
620 589
369 461
44 575
611 113
456 696
456 624
944 659
926 373
373 525
25 665
335 186
450 673
369 955
952 174
314 26
235 343
753 135
895 549
611 486
507 625
953 687
423 109
193 545
600 497
767 518
25 616
21 217
444 780
262 585
623 903
342 557
570 747
57 377
798 127
993 473
676 177
712 310
656 847
415 183
108 213
789 41
762 85
560 405
314 340
497 990
115 647
177 536
782 698
474 869
941 958
475 471
614 693
872 568
207 588
98 170
817 890
115 906
453 845
259 52
694 42
851 407
621 437
959 99
280 499
713 212
663 575
293 755
676 163
922 475
742 541
364 161
883 610
312 772
898 892
423 197
168 336
207 950
488 21
406 151
514 777
969 839
273 150
388 14
807 423
357 567
628 155
969 797
467 721
401 496
946 17
647 914
867 631
482 557
929 391
215 924
938 681
684 882
923 318
406 927
201 641
938 439
241 832
291 958
963 524
631 194
712 721
981 654
356 827
214 481
364 760
598 628
904 80
208 875
272 485
212 471
202 211
49 936
579 295
873 696
842 259
935 340
578 98
935 425
661 938
357 772
81 990
345 888
239 590
464 407
232 837
82 919
414 896
824 565
875 403
511 209
150 218
194 458
202 615
799 250
758 588
479 793
812 873
947 802
969 565
510 713
124 125
866 522
827 931
422 459
905 578
515 357
467 872
834 360
954 95
940 986
221 974
838 689
573 253
432 434
383 921
896 592
284 839
330 558
916 107
655 795
566 736
783 768
339 168
201 359
819 108
288 168
667 417
165 282
997 473
905 170
465 878
680 348
896 579
435 707
160 627
407 534
458 824
392 669
8 344
255 394
120 821
623 861
562 967
758 321
340 791
746 981
992 699
795 267
240 29
866 637
506 626
104 522
420 314
516 981
448 122
447 518
391 363
862 661
669 232
686 623
957 658
813 890
305 327
690 817
159 479
767 409
144 203
837 709
701 340
238 632
450 691
288 833
719 818
727 519
69 117
375 143
577 133
23 442
151 857
836 803
392 241
156 668
818 573
178 708
412 901
342 923
751 444
184 498
240 919
308 661
806 712
947 789
126 392
754 149
686 842
790 945
260 661
944 69
120 181
992 955
816 375
980 456
192 25
701 112
507 670
268 969
865 576
105 365
288 817
0 777
717 819
29 254
824 264
528 165
694 838
127 110
991 355
470 793
472 714
874 244
245 407
439 32
865 872
358 219
273 749
640 884
275 492
964 90
379 590
456 449
235 528
309 231
887 121
889 114
154 506
294 73
283 443
475 983
165 478
281 567
860 283
372 687
104 680
139 57
338 310
369 700
452 828
923 496
361 737
907 164
914 978
506 865
340 541
57 768
833 927
866 283
506 667
605 141
509 15
27 713
664 426
716 62
740 35
675 230
617 14
448 22
711 418
80 802
639 451
152 391
217 19
288 802
767 210
992 521
319 361
709 914
192 624
983 27
383 990
871 624
402 531
663 821
411 706
628 340
611 682
744 434
435 929
112 20
705 727
172 758
662 838
44 312
970 421
820 454
921 727
413 587
371 973
100 234
362 458
133 31
923 180
192 478
12 416
471 769
250 296
818 474
366 920
245 657
201 82
293 838
470 919
651 15
602 603
318 147
989 942
37 215
689 507
470 412
751 441
93 922
266 5
230 190
980 273
971 146
332 359
307 246
773 324
846 731
569 921
362 877
364 568
698 643
144 536
281 259
751 557
363 322
205 303
785 276
619 356
1000 558
528 408
276 476
645 908
247 947
822 168
106 402
130 466
953 801
96 107
941 648
314 623
489 721
282 479
998 678
568 621
4 105
565 838
28 811
511 284
234 773
413 983
886 926
729 342
870 369
266 756
179 120
744 638
76 59
601 293
867 565
665 924
962 544
716 202
593 473
26 698
374 215
269 158
63 784
52 12
499 432
926 819
324 317
872 590
643 309
643 959
790 289
533 686
523 349
904 248
148 842
518 614
423 490
76 119
825 19
124 902
249 691
734 398
981 800
337 87
299 863
180 480
13 855
700 445
607 161
82 953
708 390
713 851
6 872
691 667
676 843
816 280
111 775
526 578
799 860
617 358
121 806
470 759
169 789
121 440
165 414
442 959
485 585
504 25
668 723
419 400
814 911
375 793
461 437
417 914
148 264
795 97
109 872
9 974
269 741
688 522
780 740
603 492
98 886
346 577
122 108
410 49
896 361
53 406
221 393
520 151
587 505
560 481
633 162
961 974
524 526
75 787
653 382
598 1
839 620
680 459
767 958
713 320
433 559
181 147
678 32
790 172
834 249
836 355
402 634
575 404
501 970
698 64
903 614
471 962
510 31
613 619
192 822
459 736
233 439
837 23
859 369
471 804
769 782
526 864
532 21
202 631
836 881
743 379
864 78
721 526
914 78
212 180
281 367
36 540
970 1000
953 134
868 76
845 78
351 295
64 411
319 288
31 306
464 731
283 883
842 653
518 887
949 878
184 716
649 242
824 111
726 152
483 778
652 144
943 357
290 533
905 163
491 984
79 4
849 626
875 393
819 954
563 556
716 974
781 616
610 929
422 80
444 200
441 883
163 699
258 674
851 475
137 259
812 9
719 36
9 611
580 109
670 10
531 299
171 285
726 867
679 926
675 560
770 955
10 469
763 81
149 769
807 883
370 794
743 885
903 314
273 140
3 689
636 393
408 329
438 765
668 432
391 439
367 455
654 561
357 487
127 478
178 189
919 625
668 267
994 460
68 487
335 152
460 933
70 907
501 860
834 875
167 197
275 652
6 601
836 762
226 151
454 291
731 17
654 281
673 966
493 330
874 235
379 630
127 238
177 25
113 405
661 910
621 23
158 362
372 593
139 772
576 48
552 725
302 54
792 22
714 313
870 407
190 293
97 106
275 424
828 199
800 521
551 653
971 622
316 251
959 537
394 168
869 509
542 348
959 530
166 720
136 74
312 916
957 478
140 287
147 765
759 870
250 18
136 613
262 708
895 575
475 934
409 340
925 474
372 270
197 382
999 253
654 867
576 780
241 790
397 976
135 962
803 749
770 528
253 680
933 665
565 234
280 421
128 247
697 269
428 76
166 258
996 469
408 286
558 668
490 527
336 813
815 323
641 686
896 494
777 491
857 880
869 989
882 818
36 87
55 335
554 423
705 468
221 167
58 451
582 915
831 685
572 854
312 512
949 58
803 678
305 929
135 942
467 451
704 109
797 394
885 417
775 873
539 587
791 384
409 74
329 134
413 869
132 509
50 210
108 826
397 696
362 270
815 744
849 563
398 715
958 315
810 745
630 323
622 463
509 397
436 957
243 390
307 524
393 811
905 39
355 236
608 602
157 346
24 294
964 904
1000 92
107 588
955 460
664 762
933 274
883 191
564 805
194 394
46 710
291 271
692 923
615 914
68 357
151 58
122 162
678 111
951 601
230 477
964 577
271 301
161 917
644 65
486 30
77 246
925 867
808 879
611 330
655 350
862 678
208 857
548 440
875 564
595 300
656 565
204 279
532 248
846 874
139 208
117 868
259 106
869 516
225 143
205 936
817 759
335 659
640 801
205 379
601 683
741 574
143 672
330 115
724 31
942 561
562 128
493 802
302 12
368 281
413 272
801 576
72 949
535 951
81 328
474 512
381 67
483 654
351 7
77 690
672 644
134 313
708 47
361 442
966 188
318 349
512 885
951 404
347 231
56 210
194 455
923 819
956 292
974 593
318 703
876 295
793 98
134 543
817 546
978 999
219 771
296 235
133 219
962 357
577 466
677 546
407 589
970 315
539 703
910 188
254 518
939 637
564 651
453 663
999 279
700 727
30 409
635 914
294 249
272 202
443 594
652 445
748 195
873 44
452 561
855 685
628 91
566 893
639 786
188 510
443 952
501 984
459 648
100 130
462 238
565 833
525 703
320 598
891 517
508 547
146 912
901 84
210 694
785 197
857 567
1000 241
909 66
203 858
133 115
53 316
669 269
78 32
680 460
368 199
829 912
812 49
759 726
65 297
740 756
912 219
72 154
303 481
346 626
673 123
132 773
158 676
588 874
475 488
857 574
192 564
246 957
795 3
825 859
484 996
553 966
678 851
314 310
88 128
302 104
80 526
763 857
154 115
494 130
346 453
556 823
306 787
957 37
403 481
197 823
159 63
691 353
590 917
571 662
369 149
624 704
90 596
583 311
662 679
552 399
10 888
304 662
489 401
865 33
788 665
155 829
68 719
214 504
635 10
608 831
265 239
966 892
736 953
476 418
304 117
230 126
399 994
380 950
949 557
727 116
771 483
422 330
104 834
616 288
600 668
823 437
735 564
137 886
262 301
590 691
702 64
888 543
406 150
426 559
28 361
835 245
917 166
411 439
142 167
465 642
31 750
624 789
199 825
741 686
301 878
817 187
178 99
434 490
996 135
768 824
564 157
421 893
230 857
568 449
506 233
356 102
443 932
459 62
267 744
95 810
417 664
730 214
535 921
298 768
862 493
533 342
253 837
595 843
981 831
148 418
836 798
877 595
931 143
813 772
359 67
587 332
688 626
552 984
399 432
643 936
452 611
254 224
870 645
135 804
706 891
321 361
323 423
8 303
879 212
306 598
561 835
0 383
279 954
700 750
434 112
827 928
938 792
845 234
581 353
211 766
119 160
994 244
906 971
485 283
222 436
380 323
852 926
668 479
424 380
215 277
826 111
390 970
400 618
375 253
548 972
378 477
610 5
666 436
638 980
981 348
485 920
766 480
712 689
963 815
670 423
566 183
648 862
694 828
122 474
61 268
935 970
452 414
927 173
735 471
682 943
108 505
821 792
541 433
58 929
32 746
878 374
761 553
303 749
15 888
612 78
162 734
528 711
160 71
231 982
508 975
520 61
507 563
959 950
224 988
116 257
82 301
688 494
372 664
420 975
993 133
254 934
644 878
164 217
74 753
965 246
872 217
996 821
65 484
755 427
815 448
152 529
559 288
732 339
781 486
216 785
833 88
461 139
994 543
706 854
319 50
793 544
788 961
277 334
29 833
629 70
308 406
916 140
773 560
672 387
216 241
841 945
785 864
281 482
127 12
759 56
119 714
757 252
713 425
443 441
131 346
759 907
522 306
883 404
223 869
506 599
17 392
308 599
127 417
691 911
272 45
616 487
625 10
193 397
35 275
780 398
204 734
642 553
747 670
532 187
966 743
867 199
218 948
547 882
615 650
522 668
46 910
451 566
777 682
918 366
317 715
949 675
508 127
787 332
797 311
509 200
48 470
512 318
21 10
163 619
596 657
441 169
17 404
369 968
779 404
169 711
569 157
511 203
252 54
581 863
3 47
582 850
466 679
634 891
551 713
496 378
479 986
565 195
555 389
661 283
299 840
464 711
74 131
552 34
210 464
41 505
848 775
851 213
260 244
147 924
31 973
139 167
882 282
153 713
120 569
763 950
675 428
320 649
454 402
48 275
789 746
930 221
213 498
212 498
905 943
793 422
806 266
933 948
246 259
82 171
680 441
664 516
626 464
612 231
470 167
129 413
491 500
109 55
221 611
626 600
101 888
724 18
701 608
263 750
102 214
130 517
634 43
692 657
15 792
937 458
332 668
798 329
469 875
825 163
244 242
986 476
755 654
301 63
556 965
240 347
696 75
812 519
843 92
837 143
672 870
551 310
854 199
482 891
887 747
324 516
271 260
906 375
797 187
597 448
334 859
343 666
284 241
836 156
853 28
818 867
213 149
522 273
916 907
426 426
329 850
656 570
182 133
371 927
494 553
946 343
585 479
772 111
695 875
89 521
723 27
579 553
769 512
297 576
432 332
527 933
395 811
203 395
529 908
339 567
524 117
352 586
735 642
2 605
822 584
814 565
575 175
756 865
999 408
809 785
17 757
286 981
73 898
784 80
114 875
154 917
674 688
560 129
387 952
908 720
319 611
960 856
356 877
613 755
199 918
847 921
578 679
724 145
631 684
280 754
508 694
218 167
925 584
924 500
890 114
650 494
265 724
862 658
821 464
31 167
672 121
599 22
770 42
275 778
506 731
422 909
950 680
601 73
422 794
561 253
503 763
948 260
152 178
57 38
683 180
426 411
854 80
583 645
37 883
475 580
898 106
943 526
157 836
437 787
395 446
530 926
148 68
586 92
246 573
249 173
554 399
419 399
468 105
720 561
214 836
18 887
636 625
387 568
507 302
850 674
268 170
53 260
780 329
364 701
32 43
239 984
554 627
759 659
581 799
55 973
428 594
215 705
975 787
500 949
798 433
354 438
453 326
89 645
247 693
877 763
968 393
966 357
49 829
577 391
571 707
869 669
845 444
666 854
482 603
32 466
822 974
72 231
729 994
452 805
934 295
320 221
220 617
219 751
548 281
213 611
702 974
899 200
969 967
185 784
54 793
422 69
873 865
165 751
332 977
194 343
284 144
802 106
13 495
119 832
783 981
513 695
572 950
109 185
217 874
818 537
490 64
403 139
952 264
70 301
543 823
263 257
280 775
532 412
495 99
746 372
444 164
41 347
265 321
151 367
493 24
112 226
622 597
416 279
561 465
576 326
967 368
276 722
580 512
448 956
989 117
207 164
609 879
788 769
12 614
709 500
294 676
261 529
796 655
675 698
357 303
308 77
578 609
196 255
805 317
735 270
663 934
948 958
668 911
140 763
915 216
425 149
394 296
726 145
148 336
28 293
158 748
783 865
368 837
427 885
884 661
601 621
488 870
914 901
613 908
761 39
196 913
474 297
357 714
737 762
65 172
756 413
798 706
826 876
53 937
53 719
325 121
800 316
177 227
65 301
375 995
44 210
935 366
64 947
709 159
820 980
136 427
903 573
342 978
267 414
597 374
567 536
289 207
820 449
776 45
650 949
755 114
396 520
766 928
328 372
783 593
326 806
548 302
917 477
965 908
641 554
433 903
620 693
909 22
670 217
833 401
379 703
857 824
905 462
502 631
2 877
342 148
385 84
931 760
950 329
976 371
548 3
966 802
379 843
181 396
1000 916
184 987
187 941
888 589
748 710
944 778
392 874
898 741
287 2
447 433
334 592
822 196
760 956
353 902
454 690
49 943
418 327
49 95
215 150
686 688
81 315
433 359
304 781
514 685
476 327
954 178
111 591
802 98
104 938
311 706
974 149
783 579
92 993
642 375
123 55
298 470
751 587
639 482
174 796
182 715
594 571
151 574
112 90
386 399
356 599
693 770
274 317
37 185
476 671
794 726
13 896
717 500
359 267
441 878
39 237
615 391
599 473
770 368
356 266
773 828
422 714
162 741
558 72
280 158
659 570
704 118
759 784
926 98
754 500
932 726
789 464
852 222
702 201
714 142
485 479
65 70
911 860
109 748
710 187
316 218
891 195
927 220
466 676
406 154
144 409
379 185
658 787
298 879
661 233
893 801
517 199
535 89
310 937
419 797
795 114
336 504
166 872
763 233
788 813
855 731
754 905
747 48
271 862
385 740
484 815
328 793
413 975
427 737
918 359
82 169
986 827
273 635
326 906
556 37
848 389
657 110
574 974
355 236
240 45
117 998
226 873
581 743
215 223
57 184
237 253
299 531
601 194
299 994
919 269
766 155
137 472
726 299
506 664
527 873
977 598
726 846
27 954
818 762
810 974
234 211
832 297
630 758
201 960
32 150
259 662
371 783
756 148
275 699
30 50
253 355
290 713
89 12
135 333
436 885
408 224
284 941
173 403
961 169
43 771
531 97
923 229
394 888
966 66
498 832
356 371
370 196
184 414
550 446
338 548
879 787
751 241
326 845
506 325
542 418
758 933
575 366
718 355
722 965
527 171
118 920
254 656
881 171
973 330
756 870
739 280
94 861
311 715
164 740
112 92
626 236
466 434
822 775
906 88
863 940
616 703
599 691
518 525
869 268
981 282
607 37
874 20
837 367
248 946
716 871
497 749
821 518
680 649
873 895
143 494
818 417
219 28
215 763
493 458
712 290
233 716
469 529
966 727
981 809
815 835
727 187
39 353
514 471
599 875
411 75
405 224
480 834
601 712
162 563
658 562
540 631
979 244
886 669
290 329
379 318
13 961
630 435
435 548
434 358
999 41
241 253
725 247
511 911
679 432
589 697
193 191
21 270
705 896
704 817
211 923
180 686
97 378
634 921
745 710
660 96
220 864
928 430
173 47
8 208
640 594
391 902
133 931
878 789
298 576
697 357
809 647
160 568
404 527
5 309
735 864
444 29
32 822
945 168
218 551
533 74
322 863
485 864
178 557
372 366
646 950
476 305
909 891
229 859
451 65
787 705
193 765
360 735
934 710
311 583
935 343
965 722
752 155
477 566
1000 535
118 77
249 31
91 906
151 911
195 74
63 346
931 472
331 416
783 687
951 382
26 862
291 696
70 979
28 185
741 294
431 114
354 236
493 953
737 604
326 312
106 938
682 937
145 213
136 541
456 466
376 703
88 100
989 220
108 301
35 58
502 427
933 269
794 569
994 96
600 711
514 887
793 966
514 938
474 883
526 755
63 406
828 711
544 409
535 373
491 422
30 455
187 798
266 856
690 207
812 348
936 16
501 604
282 723
548 127
813 880
354 557
74 863
556 149
827 600
718 289
654 332
449 879
155 585
973 326
161 997
921 508
200 814
262 123
454 10
535 13
903 72
622 979
667 452
721 897
142 466
946 45
736 172
571 615
556 499
243 852
279 655
303 519
203 782
980 904
877 310
614 142
821 733
490 256
120 853
197 877
396 248
822 686
421 698
582 155
145 829
612 299
542 746
703 791
152 249
930 405
976 277
935 477
94 359
140 718
210 260
116 283
499 418
613 774
629 370
295 628
527 331
763 730
276 726
983 254
64 766
317 826
246 51
544 395
182 832
238 650
140 337
692 710
843 842
166 941
734 79
129 876
435 467
391 147
524 931
407 831
312 336
952 888
655 376
466 925
650 49
490 931
656 622
469 693
819 350
74 767
701 483
637 360
350 873
570 825
534 991
609 664
62 728
945 102
140 637
849 778
243 42
924 548
654 45
499 920
372 785
988 742
788 68
213 915
947 556
917 500
122 364
448 531
25 869
590 555
144 402
627 33
566 564
903 684
322 732
271 139
630 248
756 724
534 225
601 326
78 123
45 349
1 611
711 253
917 173
448 530
163 99
575 931
68 412
464 117
424 162
569 533
152 239
377 863
959 802
957 871
975 845
717 190
788 370
203 475
650 834
7 627
849 187
723 98
860 953
421 589
243 714
366 710
616 50
238 795
966 855
813 719
594 18
9 338
737 101
564 412
217 907
353 939
600 697
36 204
991 479
981 779
9 985
441 36
615 742
612 327
57 947
669 774
168 977
679 218
974 259
616 781
835 594
770 409
789 394
265 948
840 155
788 402
69 791
574 657
756 967
483 639
614 115
45 699
514 811
68 259
715 691
274 893
348 169
296 688
287 970
553 152
303 313
132 601
701 387
272 191
739 635
474 752
333 495
128 579
98 269
762 876
677 448
493 627
902 646
264 800
161 406
376 496
378 865
992 347
171 207
114 766
714 329
848 132
912 804
579 206
1 565
154 63
539 477
931 368
66 579
515 208
156 476
344 344
570 335
872 616
640 68
113 44
58 895
104 508
986 42
436 969
176 254
921 757
868 155
17 534
36 868
976 685
289 703
194 444
434 664
751 851
115 25
437 45
23 9
801 462
938 866
879 274
837 414
211 594
763 694
745 924
347 734
259 930
917 154
596 792
630 444
504 894
735 965
350 163
559 822
112 318
572 356
677 532
532 327
96 147
69 80
36 131
974 914
325 582
818 968
426 742
737 171
727 875
281 164
676 76
749 144
804 283
483 888
781 4
429 36
631 249
571 907
138 48
568 654
938 763
626 388
90 183
252 894
574 410
846 350
21 432
426 358
975 402
218 373
912 419
288 61
804 126
167 272
998 66
445 113
318 135
400 230
58 485
265 635
950 692
807 24
800 352
46 241
888 144
389 805
873 109
800 200
442 605
328 420
953 558
582 618
217 259
211 774
43 324
982 626
24 964
934 321
645 734
678 435
207 199
193 436
461 554
210 917
501 714
699 267
643 936
647 83
700 445
672 266
942 61
562 735
393 477
874 740
854 758
666 751
691 707
95 85
722 979
130 18
53 574
547 718
196 612
952 404
136 639
293 724
437 380
708 238
856 583
844 352
321 350
159 693
207 176
588 920
103 431
130 358
424 704
339 841
256 989
653 298
48 56
344 876
321 522
799 421
432 996
229 309
53 939
712 761
198 760
754 845
995 617
399 35
300 10
309 394
559 857
715 31
666 436
947 355
944 249
421 363
141 433
1 11
827 707
951 189
919 455
574 936
797 919
369 209
210 442
639 852
292 146
273 720
793 577
303 97
539 11
779 849
198 182
243 478
794 688
438 54
456 688
711 438
187 949
494 390
912 80
382 899
725 224
29 66
558 539
50 477
958 686
376 1
141 836
422 332
139 799
265 281
223 80
256 987
769 260
159 171
604 955
785 785
36 264
829 27
524 799
5 306
495 93
434 550
459 816
757 30
285 121
228 48
416 193
579 772
424 548
189 878
586 538
247 58
773 139
243 506
970 711
108 755
106 943
266 142
293 997
517 240
585 346
207 17
432 422
244 83
571 636
435 20
292 962
233 309
436 410
845 638
541 237
469 957
157 558
791 985
242 664
379 801
783 960
896 140
29 629
848 950
768 774
696 453
12 338
709 860
32 851
508 119
405 526
504 826
725 527
951 545
650 213
370 573
752 428
36 244
542 392
609 269
341 750
728 181
698 329
342 626
300 494
17 541
141 81
34 819
0 706
919 100
366 907
53 209
733 264
635 317
230 307
923 165
719 708
793 919
428 246
188 405
594 798
571 150
166 598
871 537
926 476
483 929
559 725
992 857
400 364
994 609
923 463
114 819
937 301
865 1
2 360
333 196
84 70
23 449
870 816
359 639
32 916
139 64
226 509
43 397
886 177
157 655
967 878
377 262
475 166
30 443
393 104
39 356
568 371
547 27
988 92
723 851
771 451
110 56
369 912
180 541
601 728
39 859
557 278
250 298
113 572
783 550
341 392
749 488
818 895
599 655
773 340
961 938
918 917
818 415
106 124
665 305
940 357
670 134
828 223
935 827
619 814
24 970
694 794
276 380
484 94
95 118
743 202
272 346
678 224
444 557
557 991
977 996
627 739
521 774
676 334
897 956
667 83
240 623
446 21
845 887
624 687
390 406
188 78
316 449
533 941
441 945
738 175
82 572
301 41
65 96
427 999
164 544
414 834
525 670
485 143
558 713
531 433
985 925
941 700
395 360
280 701
882 898
467 730
896 253
716 428
504 948
953 848
330 479
2 203
343 607
173 670
82 743
342 326
146 680
141 307
590 562
967 303
99 267
12 392
436 863
990 835
972 990
680 546
793 755
703 793
357 857
354 457
987 131
480 452
214 325
170 618
900 840
69 877
270 290
487 355
612 116
729 737
842 269
744 522
747 761
335 856
332 560
271 463
617 786
415 554
848 220
746 377
443 646
373 438
887 572
35 630
472 422
480 535
929 346
921 98
193 663
153 36
618 673
741 409
30 697
380 877
126 418
445 506
19 966
655 86
77 745
769 429
595 698
726 605
439 203
712 168
602 846
468 556
896 669
170 634
73 688
531 737
760 6
264 629
109 391
336 217
351 855
414 777
410 728
981 682
565 850
537 711
713 882
921 546
369 707
761 555
920 154
916 65
454 285
241 620
322 340
898 324
602 931
577 674
616 377
916 474
887 500
10 492
374 897
992 579
612 405
393 909
114 3
14 141
933 397
656 537
563 895
925 501
171 115
575 777
890 214
205 841
117 969
946 297
152 814
164 995
491 189
458 217
907 44
52 2
718 695
591 761
50 752
553 355
176 903
729 719
107 221
266 820
211 348
451 860
446 41
628 99
331 235
491 119
926 28
505 383
147 265
936 758
708 293
124 75
166 318
309 441
242 536
514 921
302 993
914 566
496 506
261 540
203 697
102 115
835 835
850 198
988 51
66 952
192 48
672 578
170 369
923 729
991 510
450 745
383 87
749 972
601 680
966 363
39 410
462 751
749 368
941 305
294 351
839 338
728 23
200 251
934 197
972 471
108 823
170 454
394 296
7 599
651 446
338 40
219 548
851 503
258 185
850 560
741 81
824 145
717 741
304 412
860 153
420 452
786 561
209 58
371 866
760 549
684 562
415 207
615 795
356 95
13 613
278 455
737 438
153 209
558 60
941 241
851 685
774 11
343 36
62 616
307 832
153 583
236 968
478 174
167 571
290 92
234 537
57 275
383 265
9 156
430 119
775 275
788 44
734 698
228 996
898 548
890 983
691 233
356 442
109 839
712 177
466 600
826 966
86 154
836 326
542 103
215 846
286 292
643 805
132 615
5 502
537 968
273 141
278 607
857 66
949 905
960 490
243 39
163 245
476 856
38 414
837 56
222 672
927 701
878 838
849 33
634 258
307 244
667 611
240 266
990 400
173 312
795 769
303 603
500 946
928 756
258 128
397 715
974 395
459 737
586 868
541 658
809 762
904 734
944 496
405 81
73 544
352 580
697 71
323 705
904 61
305 765
884 386
613 230
518 483
782 174
324 503
493 430
964 405
321 938
118 332
530 901
719 6
524 439
609 480
267 907
643 346
372 377
745 444
430 486
454 2
908 66
591 251
98 588
701 880
172 62
144 305
988 721
556 176
798 248
128 532
656 111
229 681
27 383
85 409
672 738
796 640
140 68
246 435
4 827
736 791
439 749
397 772
716 243
770 959
565 98
146 58
804 19
668 190
786 725
17 602
306 774
549 282
640 753
445 554
617 112
665 972
277 366
100 631
886 102
424 130
908 375
156 293
614 505
28 291
125 982
822 25
478 847
204 298
891 849
175 922
150 583
329 900
665 214
510 896
816 667
794 63
169 58
534 470
747 62
51 178
616 611
262 380
650 210
60 896
446 686
678 901
358 955
701 401
346 999
922 701
241 775
133 871
166 814
467 782
485 365
607 640
810 368
293 108
363 733
922 586
94 141
206 31
108 725
243 652
68 448
483 6
52 395
879 564
477 736
585 279
221 7
152 111
961 579
255 192
571 947
74 96
927 940
435 282
3 731
427 788
504 196
204 546
906 83
542 562
40 300
165 984
354 283
451 120
390 386
360 445
368 798
74 334
299 646
742 935
410 936
161 655
199 36
957 141
555 894
404 241
449 430
920 400
356 414
256 282
526 303
507 680
332 850
984 199
651 354
146 71
363 474
466 237
209 1000
240 592
675 621
656 142
155 197
703 807
187 256
728 193
465 394
845 692
870 485
346 34
693 112
271 466
45 449
564 931
661 566
381 544
906 830
663 283
269 51
122 754
977 33
805 283
969 770
310 888
403 322
704 228
487 432
82 377
924 354
791 168
750 153
31 833
18 460
310 334
723 465
433 380
973 658
914 13
622 841
275 785
201 630
113 689
693 653
612 985
614 107
569 21
354 205
1000 728
433 341
650 395
143 989
314 267
28 699
530 841
656 51
713 94
786 506
449 182
246 320
916 411
677 371
603 775
717 643
56 840
950 999
541 285
845 948
874 847
433 643
925 759
970 497
669 158
658 883
83 192
137 711
965 86
496 307
76 857
826 187
973 456
106 406
238 600
344 182
426 666
892 383
583 722
704 0
423 729
202 823
533 971
160 510
434 967
832 344
768 291
387 791
954 657
67 82
208 221
12 634
28 820
428 265
898 295
192 576
553 534
208 252
659 111
649 124
277 975
402 433
160 950
344 440
938 460
172 916
93 188
742 656
858 641
710 324
760 205
473 327
160 64
502 435
916 30
446 341
451 25
212 775
405 651
469 777
809 661
624 647
377 77
827 776
707 373
357 118
39 775
854 561
723 326
544 488
799 977
110 24
128 752
692 138
618 837
115 503
415 938
201 860
891 542
282 384
476 889
634 643
635 278
352 868
831 369
125 798
741 735
606 808
380 946
99 852
297 745
897 141
854 810
842 330
7 622
108 416
416 664
349 198
219 4
334 352
847 102
665 199
602 872
647 169
808 754
792 895
251 292
434 32
279 704
467 631
440 506
877 654
861 866
679 681
234 948
677 134
702 445
511 608
437 181
476 529
956 265
154 390
59 590
906 321
476 978
476 933
23 844
877 837
458 596
338 73
681 864
303 660
482 401
596 217
810 70
956 843
721 762
461 318
563 842
737 20
622 719
589 650
64 181
775 425
915 92
845 446
706 625
139 128
829 388
950 172
122 194
112 688
619 480
18 327
138 768
887 571
893 937
959 416
747 125
542 522
8 766
926 658
204 833
874 63
139 368
129 379
720 605
74 356
957 677
491 328
134 347
627 242
783 285
104 734
582 682
657 658
983 985
747 420
308 934
605 331
545 438
894 213
68 268
938 494
684 41
726 406
547 661
502 687
434 984
929 925
391 188
610 972
718 590
577 386
219 647
576 268
42 197
757 374
512 80
256 98
404 543
471 869
913 432
781 104
716 680
477 922
106 237
221 646
903 454
242 391
663 137
773 849
345 456
15 309
891 613
238 201
249 707
596 611
39 304
820 176
284 539
517 806
941 573
477 790
918 614
442 87
424 708
673 156
517 256
992 578
721 618
280 910
264 38
270 920
427 218
547 335
385 551
338 725
213 119
437 512
313 390
782 350
490 838
701 532
198 152
54 277
691 460
2 737
237 909
1 435
830 907
438 712
807 805
643 983
607 761
162 81
941 649
843 16
479 141
335 36
918 527
266 255
575 174
926 924
915 145
963 137
245 803
605 185
768 951
458 485
185 315
497 475
938 256
51 964
137 990
199 923
971 572
628 150
392 554
956 815
282 954
199 957
747 770
187 74
942 920
979 292
480 91
112 999
159 233
790 961
31 309
887 801
958 759
461 571
949 597
391 484
394 109
184 839
800 310
826 668
789 480
365 354
47 737
818 215
610 94
358 838
320 567
431 256
806 324
942 148
655 631
450 823
150 339
108 844
297 653
477 206
954 635
394 236
781 148
772 775
763 391
343 842
645 141
469 878
202 232
67 523
199 849
419 571
778 208
102 453
799 748
827 754
827 852
731 393
49 271
747 390
526 874
231 169
131 192
478 464
612 174
823 280
742 783
127 356
791 338
7 649
896 653
475 74
752 578
694 560
12 218
962 479
404 687
437 834
185 472
484 367
242 927
960 145
791 607
14 473
28 765
655 883
509 105
347 863
78 300
440 488
742 543
733 313
612 615
849 833
444 826
653 186
252 751
421 853
755 304
820 998
953 759
178 819
318 262
18 888
813 539
663 546
511 999
498 561
293 220
941 278
219 226
616 795
468 252
756 537
658 806
510 250
128 168
362 742
318 106
925 753
929 279
49 659
850 45
987 7
207 293
213 264
830 651
161 48
94 130
421 722
674 554
723 247
881 737
807 376
697 658
87 193
107 66
166 758
49 12
587 908
480 143
61 718
546 898
442 696
537 74
464 369
87 775
423 262
714 481
586 727
955 764
590 962
738 981
940 778
872 375
251 632
66 979
273 447
762 30
403 339
91 777
849 552
305 947
660 992
988 490
222 650
778 508
825 757
676 594
74 296
541 899
985 52
555 432
754 261
464 331
52 315
560 489
774 760
113 494
935 587
345 683
315 881
712 451
240 518
389 595
135 666
780 521
752 0
108 891
161 38
850 73
559 294
564 936
259 514
477 979
665 862
235 860
795 784
940 332
317 90
330 448
942 85
24 503
101 654
823 945
717 841
177 437
610 140
648 912
11 181
362 515
760 676
383 831
125 672
676 709
86 880
380 612
961 704
775 399
533 833
733 599
395 859
168 967
75 111
998 960
875 852
147 987
139 437
523 287
522 329
6 184
794 186
412 83
779 349
73 354
504 23
568 51
951 509
228 27
925 863
10 319
912 938
470 586
593 612
321 283
218 714
650 420
105 680
202 12
451 425
401 732
952 248
422 190
587 365
732 699
989 923
363 17
123 987
13 455
9 181
353 718
870 968
667 685
209 754
221 102
96 457
773 150
636 725
222 128
333 131
567 525
599 125
156 634
64 232
960 318
465 201
211 772
940 421
575 936
738 374
678 839
297 292
407 576
749 792
984 605
350 794
354 631
988 828
799 767
74 49
395 736
157 278
97 187
876 751
523 131
315 713
302 322
273 659
804 897
781 566
186 630
3 397
776 100
227 220
545 369
11 885
431 764
162 393
849 705
37 182
573 748
484 463
793 542
381 824
211 390
251 125
243 674
347 653
556 300
959 695
769 748
763 71
882 477
363 774
868 800
551 411
903 826
602 3
490 209
44 229
831 299
291 478
358 778
786 340
50 37
527 703
281 949
655 805
519 813
187 935
563 425
454 385
618 215
995 50
934 329
315 155
878 648
598 173
837 678
406 53
218 402
766 898
522 253
459 910
180 259
163 355
445 111
108 344
317 818
152 532
756 864
432 26
350 907
832 587
443 331
739 892
779 336
264 367
130 343
932 318
108 71
117 81
285 644
228 133
897 593
435 45
924 281
895 249
784 92
924 478
519 527
375 740
272 766
462 140
247 438
94 46
871 751
256 169
309 988
526 997
110 785
373 781
328 448
691 449
794 121
489 443
292 180
59 96
252 165
574 566
301 788
323 474
665 870
167 80
574 850
892 862
730 900
160 153
354 942
464 816
853 483
410 49
948 924
130 952
183 18
761 734
463 6
291 309
340 698
631 745
470 319
225 650
951 669
478 495
512 655
139 889
335 293
963 555
578 508
374 393
732 324
912 382
703 73
205 276
524 143
385 26
812 920
814 435
46 442
485 583
71 573
571 862
119 486
756 117
271 195
447 976
960 387
707 23
717 382
621 480
82 422
683 434
17 569
334 456
339 142
381 314
473 171
504 358
253 969
135 887
570 606
630 901
23 449
36 719
736 961
680 826
858 862
686 293
715 892
564 645
26 456
362 928
781 566
385 41
870 781
804 31
477 75
48 399
744 299
476 815
428 392
452 773
734 602
268 31
106 768
896 387
505 245
520 370
549 404
470 694
181 153
391 756
488 585
394 627
37 237
434 893
935 952
241 352
759 308
185 59
30 755
864 298
118 956
446 411
719 643
201 671
61 713
983 351
649 39
42 764
201 798
23 388
106 892
509 165
767 135
185 531
936 22
529 802
962 181
927 495
753 211
131 12
142 752
518 921
65 722
35 684
440 201
665 263
685 438
928 741
492 615
173 189
724 48
957 232
428 958
446 927
411 222
938 176
441 129
850 464
613 950
483 357
778 801
9 595
879 227
386 990
196 97
120 253
880 743
819 972
867 295
512 77
674 714
998 52
797 885
134 353
977 483
891 261
923 1
121 742
89 591
41 520
317 969
168 448
49 565
986 696
127 764
252 42
779 950
180 209
68 701
393 569
497 328
640 983
841 687
284 607
636 579
12 347
285 108
397 87
786 847
691 786
103 396
927 767
973 713
615 698
31 993
442 200
437 415
721 820
204 972
223 28
602 672
772 161
236 367
976 376
83 335
534 133
551 607
679 431
532 488
710 724
882 986
825 196
182 406
597 807
77 981
246 9
425 349
716 787
313 169
363 381
57 828
939 561
192 843
158 629
428 717
204 693
210 724
315 938
183 714
190 379
427 982
508 750
72 259
188 502
40 280
211 431
741 10
60 936
489 908
951 256
462 55
205 806
439 48
999 130
884 101
952 704
925 180
293 45
144 952
339 261
506 599
347 328
5 683
191 840
205 77
142 757
176 226
411 155
261 167
883 275
953 670
9 710
734 871
955 238
650 623
702 617
596 951
762 441
531 441
280 302
123 10
483 251
929 63
984 363
414 880
790 952
245 153
912 670
334 374
583 638
414 677
559 948
433 311
948 579
689 993
549 539
6 701
848 62
370 126
865 879
417 594
7 732
487 729
354 933
950 970
24 911
923 286
746 90
576 631
830 164
337 674
573 53
578 352
542 886
540 315
134 244
485 222
651 964
555 661
90 803
529 397
910 610
110 400
474 744
593 75
275 194
424 781
963 926
781 176
983 572
119 876
841 921
17 327
596 822
73 117
718 419
716 33
920 503
525 515
304 15
897 926
749 440
419 597
504 441
717 890
28 572
414 84
549 565
929 552
588 300
416 176
325 128
760 583
145 580
766 334
201 857
277 856
860 268
909 139
118 614
752 383
919 755
416 475
619 164
994 552
826 455
27 223
494 471
519 958
803 822
384 655
247 934
784 435
597 104
935 788
921 185
953 708
756 385
530 423
88 214
257 75
827 975
628 952
371 138
876 389
167 769
891 827
759 295
364 143
799 676
605 938
197 811
432 901
606 190
943 863
319 494
957 136
899 529
852 962
408 0
926 704
761 360
166 504
589 284
615 551
14 601
944 188
22 126
521 0
420 420
287 252
214 513
954 982
271 662
476 308
274 661
440 462
6 494
754 228
361 48
457 671
256 348
247 934
243 675
476 344
799 5
37 441
485 196
55 500
912 280
184 319
582 478
428 47
918 71
646 911
222 169
658 653
13 110
245 752
71 888
702 202
295 837
110 411
392 738
884 848
106 606
339 454
253 280
978 297
368 626
118 19
209 13
762 51
555 222
817 123
928 892
961 770
166 98
246 373
350 716
686 421
883 175
888 253
580 325
916 856
707 875
962 325
286 116
740 139
731 451
208 544
301 643
53 144
277 187
754 567
723 489
437 289
864 226
495 614
103 565
963 136
544 211
430 415
347 819
954 288
827 754
185 30
195 530
320 675
887 748
864 578
714 578
247 111
523 740
109 770
123 232
109 35
143 916
810 561
620 381
637 604
793 276
909 131
438 13
426 631
885 690
171 195
624 624
737 960
717 435
443 405
636 101
318 822
44 306
256 401
233 813
817 1
399 993
339 131
808 621
258 568
818 925
479 563
655 877
355 152
510 813
824 176
696 679
136 410
150 567
723 633
70 465
391 632
109 150
845 890
170 316
645 203
567 456
97 623
350 492
441 198
488 583
975 120
15 595
605 112
274 929
365 252
70 743
559 699
59 541
677 72
121 241
765 626
56 245
479 732
79 231
788 651
271 138
254 530
79 837
350 230
253 716
115 105
823 53
4 362
677 809
120 455
729 895
584 609
49 236
491 299
103 965
138 937
704 629
808 115
868 14
180 117
876 689
493 730
816 276
260 958
60 466
279 245
1 902
837 814
315 974
187 250
599 91
198 947
143 601
922 134
981 831
933 30
152 677
529 508
271 516
251 973
706 186
162 982
851 418
484 231
267 570
57 477
234 805
632 772
750 452
260 238
587 595
541 76
198 428
626 614
230 926
689 376
48 937
16 694
562 639
751 271
95 606
219 674
443 194
176 325
357 84
495 350
183 817
770 679
438 939
722 804
526 444
63 326
443 630
767 789
189 660
329 981
760 547
908 644
220 845
497 858
882 980
732 34
636 918
573 221
410 662
199 327
913 895
569 883
16 13
441 988
221 922
564 84
242 630
51 321
183 393
75 555
106 892
740 780
165 806
212 42
813 702
737 206
356 286
160 682
411 378
516 273
989 965
415 78
36 575
747 981
370 591
770 986
676 711
305 873
849 274
120 97
686 777
676 125
823 722
385 295
266 703
550 814
194 718
343 574
988 930
394 549
692 901
181 618
270 819
253 527
493 164
577 131
29 977
938 290
418 252
85 243
464 773
80 912
131 586
828 537
120 962
662 929
203 628
89 305
591 261
409 548
32 435
221 311
872 300
838 92
4 789
637 421
843 672
986 605
816 405
862 454
52 762
894 791
948 947
150 45
254 687
466 673
640 28
263 956
240 660
779 339
430 170
416 947
667 469
743 679
197 93
578 598
893 797
355 794
147 908
706 300
169 587
926 486
188 841
299 447
915 293
534 702
337 561
240 927
37 68
205 48
848 728
469 684
503 684
478 217
363 918
246 965
862 77
549 658
488 76
78 289
112 49
377 3
471 781
132 478
544 224
473 7
490 744
420 196
397 863
468 79
629 495
811 568
777 378
320 200
985 951
57 815
584 137
227 976
761 855
552 107
523 592
119 980
643 965
261 263
368 371
740 55
663 771
347 266
496 659
767 795
744 458
416 844
763 71
551 554
7 103
409 254
703 412
813 951
82 913
285 994
175 502
39 462
28 340
713 583
134 679
27 517
82 992
136 483
706 755
452 788
97 197
685 375
847 311
46 69
400 202
691 974
619 726
918 556
395 197
517 211
38 704
270 535
221 419
573 585
100 122
407 276
102 123
411 290
261 98
543 655
379 46
106 640
535 690
597 133
496 486
293 858
910 601
221 256
404 48
13 610
687 543
461 367
177 971
170 812
9 484
940 343
206 647
851 559
584 827
846 833
367 766
409 819
339 897
120 204
594 275
236 4
579 738
896 5
842 231
806 177
427 432
283 819
946 408
202 369
886 171
726 676
201 426
393 909
626 339
691 114
527 722
950 647
382 810
274 939
0 255
751 134
479 895
56 321
345 253
528 568
364 538
627 929
176 895
709 780
386 918
611 71
224 795
664 837
442 71
722 301
618 917
366 959
714 960
474 42
602 703
123 847
1 221
107 193
476 660
669 493
850 446
663 807
869 293
788 325
588 238
934 606
847 616
675 146
193 995
183 871
566 947
493 699
249 505
293 8
865 25
94 927
335 494
221 76
569 200
325 340
165 230
843 74
285 69
336 911
819 694
627 959
430 182
826 680
123 530
19 820
793 577
989 216
482 436
842 903
497 518
502 676
719 296
996 779
590 283
868 301
414 52
585 76
693 513
773 12
393 117
398 321
829 304
183 597
56 752
11 566
790 945
553 583
649 257
623 970
48 56
615 337
569 860
933 976
419 104
673 616
945 667
103 916
811 432
934 602
990 513
191 690
1000 897
132 196
463 934
695 419
307 459
49 388
397 780
695 731
545 98
5 279
149 693
215 581
212 296
483 113
268 819
499 493
973 867
860 153
59 672
198 239
323 733
676 460
580 906
358 622
959 172
65 405
280 889
564 445
363 111
938 487
141 891
736 250
34 77
456 465
379 759
156 757
729 410
168 62
944 196
753 549
594 351
77 841
431 467
260 374
269 482
135 191
236 402
696 60
630 355
232 582
914 54
684 920
244 716
747 213
191 889
457 718
642 335
958 521
22 466
142 552
52 864
710 872
330 319
7 944
132 102
895 343
405 796
76 783
63 187
988 811
433 956
383 487
581 631
497 907
866 872
359 164
582 827
164 371
113 739
817 255
96 976
742 104
770 100
491 482
303 101
240 389
637 664
294 984
480 50
804 665
927 233
201 346
98 327
211 975
999 814
958 727
812 89
921 701
427 566
536 550
395 987
150 771
556 872
595 897
509 130
643 977
974 455
302 124
590 678
647 725
765 46
898 604
773 819
1 129
195 211
304 556
783 881
804 251
589 940
737 51
655 241
502 401
223 276
738 652
263 821
861 116
991 134
722 867
943 153
3 763
323 665
810 376
267 283
937 337
562 122
56 674
749 689
938 114
604 886
371 287
938 723
724 110
713 905
516 125
347 114
104 439
492 824
578 454
394 252
885 252
106 265
486 769
148 252
794 687
760 77
933 949
566 346
882 623
944 115
953 483
596 404
924 788
337 627
893 989
807 923
344 407
429 519
175 756
873 144
36 802
591 485
364 732
800 180
893 508
333 585
903 537
779 816
682 109
841 433
385 692
257 783
203 347
962 932
537 518
120 761
192 282
835 92
185 356
943 895
85 590
201 440
775 817
927 999
129 875
934 87
36 938
866 827
158 641
244 566
316 297
795 641
523 560
261 355
699 250
73 375
805 171
551 574
760 90
821 775
72 476
730 695
402 577
461 881
322 16
962 905
703 568
933 671
776 693
228 736
194 28
849 34
816 833
67 222
117 715
367 242
240 697
368 707
832 372
524 943
18 190
119 890
262 456
281 520
189 215
219 435
810 765
803 956
458 115
532 963
182 450
993 226
300 559
71 376
364 368
241 241
743 127
472 578
545 767
266 93
61 706
618 373
623 696
342 531
555 904
660 365
556 414
960 99
523 38
862 432
835 484
178 928
446 119
287 10
535 115
223 648
520 575
861 627
329 128
360 723
891 957
624 806
860 972
236 322
476 84
200 538
846 709
493 149
421 308
592 418
151 900
977 131
158 101
631 276
417 290
821 407
699 781
901 774
239 838
949 400
27 997
965 522
38 905
189 452
599 878
100 66
214 367
632 480
796 896
407 156
297 459
616 270
173 401
919 269
533 735
77 638
21 977
944 257
435 330
701 607
146 858
84 602
694 786
760 408
629 130
629 333
31 120
170 468
937 69
191 960
129 135
315 785
77 372
695 4
151 951
613 553
960 626
821 113
515 192
614 619
64 974
286 668
561 877
0 126
213 13
290 71
534 903
594 509
423 99
777 477
784 733
251 383
10 342
257 222
370 550
676 916
31 340
944 78
59 563
466 372
471 952
787 904
335 173
324 45
42 948
471 62
642 242
59 22
229 839
648 637
611 937
379 181
482 989
450 661
803 588
211 837
33 759
666 480
338 668
920 551
529 296
590 467
15 259
734 664
832 210
579 417
14 113
628 384
656 781
63 77
644 544
963 188
191 614
150 143
832 622
472 295
159 418
958 637
993 923
533 457
961 416
276 731
46 75
553 18
156 449
708 986
91 51
297 894
216 912
471 625
328 365
425 263
671 810
597 328
364 935
989 374
399 505
338 711
175 117
309 597
657 308
942 319
372 420
133 11
493 770
523 328
558 264
194 624
547 73
24 660
922 526
650 349
371 971
938 37
650 637
532 561
916 875
480 425
772 159
214 685
641 385
630 533
408 344
441 221
31 477
983 556
491 712
6 732
564 28
688 118
89 924
221 161
474 398
86 220
545 670
680 405
946 401
467 829
556 609
152 633
414 28
652 530
927 677
931 49
562 493
421 233
377 872
675 555
630 831
757 317
809 754
862 391
724 264
510 333
879 236
805 997
124 717
789 30
200 394
487 543
726 292
549 166
180 440
87 788
134 789
214 835
225 161
587 777
796 30
985 246
391 814
977 175
873 261
747 131
405 550
30 393
680 968
850 592
433 161
773 654
458 229
881 239
823 725
10 703
211 811
740 904
762 123
651 335
390 965
735 82
35 645
172 156
593 134
871 40
814 649
613 880
809 823
105 301
84 302
935 940
476 178
874 597
857 884
285 353
224 829
380 119
704 493
766 667
406 995
505 374
724 693
842 758
101 301
901 184
624 981
744 700
380 395
94 575
580 845
876 221
426 17
329 659
167 264
2 968
250 822
694 234
877 781
625 388
407 935
268 336
481 714
517 853
541 282
33 837
292 241
199 275
861 356
373 301
806 807
535 145
903 649
891 676
796 358
928 442
780 856
956 854
971 152
861 601
384 42
536 375
655 743
836 682
422 193
282 237
896 12
314 272
443 795
406 110
732 273
439 712
915 575
127 859
628 674
644 9
374 161
11 785
676 701
333 15
851 377
156 766
576 19
692 392
395 7
40 733
882 359
318 560
782 760
982 897
242 129
75 84
282 489
270 764
490 222
97 879
348 238
343 820
881 262
660 459
544 197
980 200
486 708
549 40
665 153
517 957
776 747
316 366
663 1000
729 905
178 84
536 963
512 192
625 514
106 411
388 679
4 14
905 801
496 658
288 212
16 946
106 631
179 666
544 991
413 253
249 941
766 304
209 286
961 259
464 852
916 459
526 88
488 738
69 120
112 617
504 890
516 781
503 594
792 242
788 503
150 408
276 411
311 694
710 757
794 659
651 971
198 98
262 912
938 70
664 568
160 799
268 687
992 575
234 434
983 941
253 632
228 408
983 633
136 671
906 868
396 620
32 942
864 890
665 132
177 516
138 848
341 955
117 397
758 831
111 494
913 151
410 586
892 128
934 873
817 22
471 970
202 857
29 576
977 85
836 790
83 309
722 879
555 185
694 437
318 356
554 162
175 308
700 521
860 796
865 875
177 12
567 171
526 632
757 24
883 731
923 43
138 1
73 776
884 157
620 710
428 981
554 100
673 616
845 713
5 0
302 866
888 955
393 12
867 278
713 270
996 34
159 535
443 427
736 569
189 709
593 19
205 408
125 913
595 812
476 301
507 24
484 997
990 628
891 683
385 654
790 97
802 107
341 903
762 844
157 200
847 717
52 96
541 953
97 449
152 410
326 395
87 751
866 68
87 598
238 348
716 463
526 620
801 519
347 220
591 246
422 223
517 280
639 857
626 766
515 878
675 688
386 496
174 484
176 799
937 436
538 132
798 95
558 153
994 245
439 531
889 697
139 72
338 713
872 572
100 483
687 714
855 973
377 706
637 582
471 821
245 174
105 499
877 8
724 908
437 382
311 621
49 474
422 202
82 98
745 982
126 564
590 416
596 346
127 931
399 757
641 686
63 863
673 472
869 731
577 436
307 518
909 899
559 218
274 587
363 213
31 78
683 419
267 298
602 652
255 229
219 121
289 543
22 618
706 12
703 288
776 258
785 214
84 765
673 564
28 909
79 228
169 265
331 709
307 315
