Testing 32 combinations per file...

============================================================
Optimizing for FILE: data/input/data/001.in
============================================================
Score           | Params
------------------------------------------------------------
3890.6880       | (20, 50, 1.0, 2.0, 0.5, 100.0, 4)
4093.4139       | (20, 50, 1.0, 2.0, 0.1, 100.0, 4)
3815.4915       | (20, 50, 1.0, 5.0, 0.5, 100.0, 4)
3815.4915       | (20, 50, 1.0, 5.0, 0.1, 100.0, 4)
3925.4547       | (20, 50, 0.5, 2.0, 0.5, 100.0, 4)
4438.9531       | (20, 50, 0.5, 2.0, 0.1, 100.0, 4)
3815.4915       | (20, 50, 0.5, 5.0, 0.5, 100.0, 4)
3815.4915       | (20, 50, 0.5, 5.0, 0.1, 100.0, 4)
3890.6880       | (20, 100, 1.0, 2.0, 0.5, 100.0, 4)
3863.7499       | (20, 100, 1.0, 2.0, 0.1, 100.0, 4)
3815.4915       | (20, 100, 1.0, 5.0, 0.5, 100.0, 4)
3815.4915       | (20, 100, 1.0, 5.0, 0.1, 100.0, 4)
3925.4547       | (20, 100, 0.5, 2.0, 0.5, 100.0, 4)
4438.9531       | (20, 100, 0.5, 2.0, 0.1, 100.0, 4)
3815.4915       | (20, 100, 0.5, 5.0, 0.5, 100.0, 4)
3815.4915       | (20, 100, 0.5, 5.0, 0.1, 100.0, 4)
3691.8894       | (50, 50, 1.0, 2.0, 0.5, 100.0, 4)
3691.8894       | (50, 50, 1.0, 2.0, 0.1, 100.0, 4)
3815.4915       | (50, 50, 1.0, 5.0, 0.5, 100.0, 4)
3815.4915       | (50, 50, 1.0, 5.0, 0.1, 100.0, 4)
4159.2216       | (50, 50, 0.5, 2.0, 0.5, 100.0, 4)
4228.6107       | (50, 50, 0.5, 2.0, 0.1, 100.0, 4)
3815.4915       | (50, 50, 0.5, 5.0, 0.5, 100.0, 4)
3815.4915       | (50, 50, 0.5, 5.0, 0.1, 100.0, 4)
3691.8894       | (50, 100, 1.0, 2.0, 0.5, 100.0, 4)
3691.8894       | (50, 100, 1.0, 2.0, 0.1, 100.0, 4)
3815.4915       | (50, 100, 1.0, 5.0, 0.5, 100.0, 4)
3815.4915       | (50, 100, 1.0, 5.0, 0.1, 100.0, 4)
4064.3889       | (50, 100, 0.5, 2.0, 0.5, 100.0, 4)
4089.5597       | (50, 100, 0.5, 2.0, 0.1, 100.0, 4)
3815.4915       | (50, 100, 0.5, 5.0, 0.5, 100.0, 4)
3815.4915       | (50, 100, 0.5, 5.0, 0.1, 100.0, 4)
------------------------------------------------------------
BEST FOR data/input/data/001.in: 3691.889431
CONFIG: {'ants': 50, 'iterations': 50, 'alpha': 1.0, 'beta': 2.0, 'evaporation': 0.5, 'Q': 100.0, 'threads': 4}

============================================================
Optimizing for FILE: data/input/data/002.in
============================================================
Score           | Params
------------------------------------------------------------
13450.5584      | (20, 50, 1.0, 2.0, 0.5, 100.0, 4)
13904.7393      | (20, 50, 1.0, 2.0, 0.1, 100.0, 4)
12507.4022      | (20, 50, 1.0, 5.0, 0.5, 100.0, 4)
12547.4694      | (20, 50, 1.0, 5.0, 0.1, 100.0, 4)
15169.3552      | (20, 50, 0.5, 2.0, 0.5, 100.0, 4)
19534.9049      | (20, 50, 0.5, 2.0, 0.1, 100.0, 4)
12260.4326      | (20, 50, 0.5, 5.0, 0.5, 100.0, 4)
13011.0082      | (20, 50, 0.5, 5.0, 0.1, 100.0, 4)
13323.1685      | (20, 100, 1.0, 2.0, 0.5, 100.0, 4)
12620.5595      | (20, 100, 1.0, 2.0, 0.1, 100.0, 4)
12507.4022      | (20, 100, 1.0, 5.0, 0.5, 100.0, 4)
12547.4694      | (20, 100, 1.0, 5.0, 0.1, 100.0, 4)
15169.3552      | (20, 100, 0.5, 2.0, 0.5, 100.0, 4)
17315.6171      | (20, 100, 0.5, 2.0, 0.1, 100.0, 4)
12260.4326      | (20, 100, 0.5, 5.0, 0.5, 100.0, 4)
12807.6376      | (20, 100, 0.5, 5.0, 0.1, 100.0, 4)
12953.3960      | (50, 50, 1.0, 2.0, 0.5, 100.0, 4)
13575.8401      | (50, 50, 1.0, 2.0, 0.1, 100.0, 4)
11922.7899      | (50, 50, 1.0, 5.0, 0.5, 100.0, 4)
12223.9104      | (50, 50, 1.0, 5.0, 0.1, 100.0, 4)
15903.0103      | (50, 50, 0.5, 2.0, 0.5, 100.0, 4)
18051.6185      | (50, 50, 0.5, 2.0, 0.1, 100.0, 4)
12567.7088      | (50, 50, 0.5, 5.0, 0.5, 100.0, 4)
12953.8397      | (50, 50, 0.5, 5.0, 0.1, 100.0, 4)
12838.0417      | (50, 100, 1.0, 2.0, 0.5, 100.0, 4)
12814.0222      | (50, 100, 1.0, 2.0, 0.1, 100.0, 4)
11922.7899      | (50, 100, 1.0, 5.0, 0.5, 100.0, 4)
12223.9104      | (50, 100, 1.0, 5.0, 0.1, 100.0, 4)
15903.0103      | (50, 100, 0.5, 2.0, 0.5, 100.0, 4)
17400.1586      | (50, 100, 0.5, 2.0, 0.1, 100.0, 4)
12309.1069      | (50, 100, 0.5, 5.0, 0.5, 100.0, 4)
12788.2142      | (50, 100, 0.5, 5.0, 0.1, 100.0, 4)
------------------------------------------------------------
BEST FOR data/input/data/002.in: 11922.789934
CONFIG: {'ants': 50, 'iterations': 50, 'alpha': 1.0, 'beta': 5.0, 'evaporation': 0.5, 'Q': 100.0, 'threads': 4}

============================================================
Optimizing for FILE: data/input/data/003.in
============================================================
Score           | Params
------------------------------------------------------------
33830.0937      | (20, 50, 1.0, 2.0, 0.5, 100.0, 4)
40040.1865      | (20, 50, 1.0, 2.0, 0.1, 100.0, 4)
29217.9218      | (20, 50, 1.0, 5.0, 0.5, 100.0, 4)
29138.8243      | (20, 50, 1.0, 5.0, 0.1, 100.0, 4)
38960.2836      | (20, 50, 0.5, 2.0, 0.5, 100.0, 4)
67858.8916      | (20, 50, 0.5, 2.0, 0.1, 100.0, 4)
29605.2154      | (20, 50, 0.5, 5.0, 0.5, 100.0, 4)
30459.0551      | (20, 50, 0.5, 5.0, 0.1, 100.0, 4)
33830.0937      | (20, 100, 1.0, 2.0, 0.5, 100.0, 4)
32936.1541      | (20, 100, 1.0, 2.0, 0.1, 100.0, 4)
28869.2578      | (20, 100, 1.0, 5.0, 0.5, 100.0, 4)
28303.6682      | (20, 100, 1.0, 5.0, 0.1, 100.0, 4)
38960.2836      | (20, 100, 0.5, 2.0, 0.5, 100.0, 4)
43354.4462      | (20, 100, 0.5, 2.0, 0.1, 100.0, 4)
29605.2154      | (20, 100, 0.5, 5.0, 0.5, 100.0, 4)
29604.0235      | (20, 100, 0.5, 5.0, 0.1, 100.0, 4)
33179.4215      | (50, 50, 1.0, 2.0, 0.5, 100.0, 4)
34794.1022      | (50, 50, 1.0, 2.0, 0.1, 100.0, 4)
28184.1430      | (50, 50, 1.0, 5.0, 0.5, 100.0, 4)
28605.1929      | (50, 50, 1.0, 5.0, 0.1, 100.0, 4)
38830.7969      | (50, 50, 0.5, 2.0, 0.5, 100.0, 4)
59127.2766      | (50, 50, 0.5, 2.0, 0.1, 100.0, 4)
29425.4283      | (50, 50, 0.5, 5.0, 0.5, 100.0, 4)
29812.8843      | (50, 50, 0.5, 5.0, 0.1, 100.0, 4)
33179.4215      | (50, 100, 1.0, 2.0, 0.5, 100.0, 4)
31739.4405      | (50, 100, 1.0, 2.0, 0.1, 100.0, 4)
28110.0747      | (50, 100, 1.0, 5.0, 0.5, 100.0, 4)
28067.9666      | (50, 100, 1.0, 5.0, 0.1, 100.0, 4)
38830.7969      | (50, 100, 0.5, 2.0, 0.5, 100.0, 4)
43073.6866      | (50, 100, 0.5, 2.0, 0.1, 100.0, 4)
29425.4283      | (50, 100, 0.5, 5.0, 0.5, 100.0, 4)
29299.2119      | (50, 100, 0.5, 5.0, 0.1, 100.0, 4)
------------------------------------------------------------
BEST FOR data/input/data/003.in: 28067.966587
CONFIG: {'ants': 50, 'iterations': 100, 'alpha': 1.0, 'beta': 5.0, 'evaporation': 0.1, 'Q': 100.0, 'threads': 4}

============================================================
Optimizing for FILE: data/input/data/004.in
============================================================
Score           | Params
------------------------------------------------------------
53388.2895      | (20, 50, 1.0, 2.0, 0.5, 100.0, 4)
68538.8516      | (20, 50, 1.0, 2.0, 0.1, 100.0, 4)
41468.6724      | (20, 50, 1.0, 5.0, 0.5, 100.0, 4)
41545.9317      | (20, 50, 1.0, 5.0, 0.1, 100.0, 4)
58960.8510      | (20, 50, 0.5, 2.0, 0.5, 100.0, 4)
134179.4444     | (20, 50, 0.5, 2.0, 0.1, 100.0, 4)
42928.8101      | (20, 50, 0.5, 5.0, 0.5, 100.0, 4)
43580.0921      | (20, 50, 0.5, 5.0, 0.1, 100.0, 4)
53073.2253      | (20, 100, 1.0, 2.0, 0.5, 100.0, 4)
48400.4285      | (20, 100, 1.0, 2.0, 0.1, 100.0, 4)
41468.6724      | (20, 100, 1.0, 5.0, 0.5, 100.0, 4)
40316.0201      | (20, 100, 1.0, 5.0, 0.1, 100.0, 4)
58853.3206      | (20, 100, 0.5, 2.0, 0.5, 100.0, 4)
68758.2155      | (20, 100, 0.5, 2.0, 0.1, 100.0, 4)
42928.8101      | (20, 100, 0.5, 5.0, 0.5, 100.0, 4)
42801.3037      | (20, 100, 0.5, 5.0, 0.1, 100.0, 4)
49658.5957      | (50, 50, 1.0, 2.0, 0.5, 100.0, 4)
57498.4462      | (50, 50, 1.0, 2.0, 0.1, 100.0, 4)
40395.6131      | (50, 50, 1.0, 5.0, 0.5, 100.0, 4)
40897.8271      | (50, 50, 1.0, 5.0, 0.1, 100.0, 4)
58059.9804      | (50, 50, 0.5, 2.0, 0.5, 100.0, 4)
108651.0838     | (50, 50, 0.5, 2.0, 0.1, 100.0, 4)
42627.8547      | (50, 50, 0.5, 5.0, 0.5, 100.0, 4)
43926.8614      | (50, 50, 0.5, 5.0, 0.1, 100.0, 4)
49194.3339      | (50, 100, 1.0, 2.0, 0.5, 100.0, 4)
45789.4748      | (50, 100, 1.0, 2.0, 0.1, 100.0, 4)
40395.6131      | (50, 100, 1.0, 5.0, 0.5, 100.0, 4)
40104.2117      | (50, 100, 1.0, 5.0, 0.1, 100.0, 4)
57184.0417      | (50, 100, 0.5, 2.0, 0.5, 100.0, 4)
66357.1046      | (50, 100, 0.5, 2.0, 0.1, 100.0, 4)
42627.8547      | (50, 100, 0.5, 5.0, 0.5, 100.0, 4)
42410.9987      | (50, 100, 0.5, 5.0, 0.1, 100.0, 4)
------------------------------------------------------------
BEST FOR data/input/data/004.in: 40104.211713
CONFIG: {'ants': 50, 'iterations': 100, 'alpha': 1.0, 'beta': 5.0, 'evaporation': 0.1, 'Q': 100.0, 'threads': 4}

============================================================
Optimizing for FILE: data/input/data/005.in
============================================================
Score           | Params
------------------------------------------------------------
91342.8288      | (20, 50, 1.0, 2.0, 0.5, 100.0, 4)
186562.8055     | (20, 50, 1.0, 2.0, 0.1, 100.0, 4)
66641.3609      | (20, 50, 1.0, 5.0, 0.5, 100.0, 4)
67477.1238      | (20, 50, 1.0, 5.0, 0.1, 100.0, 4)
98819.9834      | (20, 50, 0.5, 2.0, 0.5, 100.0, 4)
349995.2999     | (20, 50, 0.5, 2.0, 0.1, 100.0, 4)
68679.4532      | (20, 50, 0.5, 5.0, 0.5, 100.0, 4)
71521.8653      | (20, 50, 0.5, 5.0, 0.1, 100.0, 4)
91342.8288      | (20, 100, 1.0, 2.0, 0.5, 100.0, 4)
82710.3046      | (20, 100, 1.0, 2.0, 0.1, 100.0, 4)
66641.3609      | (20, 100, 1.0, 5.0, 0.5, 100.0, 4)
64237.8580      | (20, 100, 1.0, 5.0, 0.1, 100.0, 4)
97801.2255      | (20, 100, 0.5, 2.0, 0.5, 100.0, 4)
122759.6256     | (20, 100, 0.5, 2.0, 0.1, 100.0, 4)
68679.4532      | (20, 100, 0.5, 5.0, 0.5, 100.0, 4)
69025.6173      | (20, 100, 0.5, 5.0, 0.1, 100.0, 4)
84714.9986      | (50, 50, 1.0, 2.0, 0.5, 100.0, 4)
125295.1344     | (50, 50, 1.0, 2.0, 0.1, 100.0, 4)
66074.7956      | (50, 50, 1.0, 5.0, 0.5, 100.0, 4)
65779.6876      | (50, 50, 1.0, 5.0, 0.1, 100.0, 4)
96037.2260      | (50, 50, 0.5, 2.0, 0.5, 100.0, 4)
276513.3221     | (50, 50, 0.5, 2.0, 0.1, 100.0, 4)
68171.6495      | (50, 50, 0.5, 5.0, 0.5, 100.0, 4)
70685.7921      | (50, 50, 0.5, 5.0, 0.1, 100.0, 4)
84714.9986      | (50, 100, 1.0, 2.0, 0.5, 100.0, 4)








Testing 32 combinations per file...

============================================================
Optimizing for FILE: data/input/data/001.in
============================================================
Score           | Params
------------------------------------------------------------
3890.6880       | (20, 50, 1.0, 2.0, 0.5, 100.0, 4)
4093.4139       | (20, 50, 1.0, 2.0, 0.1, 100.0, 4)
3815.4915       | (20, 50, 1.0, 5.0, 0.5, 100.0, 4)
3815.4915       | (20, 50, 1.0, 5.0, 0.1, 100.0, 4)
3925.4547       | (20, 50, 0.5, 2.0, 0.5, 100.0, 4)
4438.9531       | (20, 50, 0.5, 2.0, 0.1, 100.0, 4)
3815.4915       | (20, 50, 0.5, 5.0, 0.5, 100.0, 4)
3815.4915       | (20, 50, 0.5, 5.0, 0.1, 100.0, 4)
3890.6880       | (20, 100, 1.0, 2.0, 0.5, 100.0, 4)
3863.7499       | (20, 100, 1.0, 2.0, 0.1, 100.0, 4)
3815.4915       | (20, 100, 1.0, 5.0, 0.5, 100.0, 4)
3815.4915       | (20, 100, 1.0, 5.0, 0.1, 100.0, 4)
3925.4547       | (20, 100, 0.5, 2.0, 0.5, 100.0, 4)
4438.9531       | (20, 100, 0.5, 2.0, 0.1, 100.0, 4)
3815.4915       | (20, 100, 0.5, 5.0, 0.5, 100.0, 4)
3815.4915       | (20, 100, 0.5, 5.0, 0.1, 100.0, 4)
3691.8894       | (50, 50, 1.0, 2.0, 0.5, 100.0, 4)
3691.8894       | (50, 50, 1.0, 2.0, 0.1, 100.0, 4)
3815.4915       | (50, 50, 1.0, 5.0, 0.5, 100.0, 4)
3815.4915       | (50, 50, 1.0, 5.0, 0.1, 100.0, 4)
4159.2216       | (50, 50, 0.5, 2.0, 0.5, 100.0, 4)
4228.6107       | (50, 50, 0.5, 2.0, 0.1, 100.0, 4)
3815.4915       | (50, 50, 0.5, 5.0, 0.5, 100.0, 4)
3815.4915       | (50, 50, 0.5, 5.0, 0.1, 100.0, 4)
3691.8894       | (50, 100, 1.0, 2.0, 0.5, 100.0, 4)
3691.8894       | (50, 100, 1.0, 2.0, 0.1, 100.0, 4)
3815.4915       | (50, 100, 1.0, 5.0, 0.5, 100.0, 4)
3815.4915       | (50, 100, 1.0, 5.0, 0.1, 100.0, 4)
4064.3889       | (50, 100, 0.5, 2.0, 0.5, 100.0, 4)
4089.5597       | (50, 100, 0.5, 2.0, 0.1, 100.0, 4)
3815.4915       | (50, 100, 0.5, 5.0, 0.5, 100.0, 4)
3815.4915       | (50, 100, 0.5, 5.0, 0.1, 100.0, 4)
------------------------------------------------------------
BEST FOR data/input/data/001.in: 3691.889431
CONFIG: {'ants': 50, 'iterations': 50, 'alpha': 1.0, 'beta': 2.0, 'evaporation': 0.5, 'Q': 100.0, 'threads': 4}

============================================================
Optimizing for FILE: data/input/data/002.in
============================================================
Score           | Params
------------------------------------------------------------
13173.4778      | (20, 50, 1.0, 2.0, 0.5, 100.0, 4)
14141.9525      | (20, 50, 1.0, 2.0, 0.1, 100.0, 4)
12523.7373      | (20, 50, 1.0, 5.0, 0.5, 100.0, 4)
12804.0153      | (20, 50, 1.0, 5.0, 0.1, 100.0, 4)
15518.5418      | (20, 50, 0.5, 2.0, 0.5, 100.0, 4)
19061.2423      | (20, 50, 0.5, 2.0, 0.1, 100.0, 4)
12578.4229      | (20, 50, 0.5, 5.0, 0.5, 100.0, 4)
12990.1085      | (20, 50, 0.5, 5.0, 0.1, 100.0, 4)
12724.3113      | (20, 100, 1.0, 2.0, 0.5, 100.0, 4)
12802.7933      | (20, 100, 1.0, 2.0, 0.1, 100.0, 4)
12523.7373      | (20, 100, 1.0, 5.0, 0.5, 100.0, 4)
12429.9744      | (20, 100, 1.0, 5.0, 0.1, 100.0, 4)
15518.5418      | (20, 100, 0.5, 2.0, 0.5, 100.0, 4)
16644.3783      | (20, 100, 0.5, 2.0, 0.1, 100.0, 4)
12578.4229      | (20, 100, 0.5, 5.0, 0.5, 100.0, 4)
12954.6373      | (20, 100, 0.5, 5.0, 0.1, 100.0, 4)
12612.4010      | (50, 50, 1.0, 2.0, 0.5, 100.0, 4)
13261.9144      | (50, 50, 1.0, 2.0, 0.1, 100.0, 4)
12245.2312      | (50, 50, 1.0, 5.0, 0.5, 100.0, 4)
12251.7403      | (50, 50, 1.0, 5.0, 0.1, 100.0, 4)
15813.6297      | (50, 50, 0.5, 2.0, 0.5, 100.0, 4)
17985.8486      | (50, 50, 0.5, 2.0, 0.1, 100.0, 4)
12594.1793      | (50, 50, 0.5, 5.0, 0.5, 100.0, 4)
13204.6632      | (50, 50, 0.5, 5.0, 0.1, 100.0, 4)
12612.4010      | (50, 100, 1.0, 2.0, 0.5, 100.0, 4)
13108.7922      | (50, 100, 1.0, 2.0, 0.1, 100.0, 4)
12245.2312      | (50, 100, 1.0, 5.0, 0.5, 100.0, 4)
12251.7403      | (50, 100, 1.0, 5.0, 0.1, 100.0, 4)
15513.8681      | (50, 100, 0.5, 2.0, 0.5, 100.0, 4)
16542.0347      | (50, 100, 0.5, 2.0, 0.1, 100.0, 4)
12594.1793      | (50, 100, 0.5, 5.0, 0.5, 100.0, 4)
12658.7644      | (50, 100, 0.5, 5.0, 0.1, 100.0, 4)
------------------------------------------------------------
BEST FOR data/input/data/002.in: 12245.231218
CONFIG: {'ants': 50, 'iterations': 50, 'alpha': 1.0, 'beta': 5.0, 'evaporation': 0.5, 'Q': 100.0, 'threads': 4}

============================================================
Optimizing for FILE: data/input/data/003.in
============================================================
Score           | Params
------------------------------------------------------------
35390.6601      | (20, 50, 1.0, 2.0, 0.5, 100.0, 4)
40438.0848      | (20, 50, 1.0, 2.0, 0.1, 100.0, 4)
29223.6366      | (20, 50, 1.0, 5.0, 0.5, 100.0, 4)
29047.5600      | (20, 50, 1.0, 5.0, 0.1, 100.0, 4)
39621.2941      | (20, 50, 0.5, 2.0, 0.5, 100.0, 4)
69131.0742      | (20, 50, 0.5, 2.0, 0.1, 100.0, 4)
29672.6781      | (20, 50, 0.5, 5.0, 0.5, 100.0, 4)
31009.8766      | (20, 50, 0.5, 5.0, 0.1, 100.0, 4)
34378.5558      | (20, 100, 1.0, 2.0, 0.5, 100.0, 4)
33536.4940      | (20, 100, 1.0, 2.0, 0.1, 100.0, 4)
29223.6366      | (20, 100, 1.0, 5.0, 0.5, 100.0, 4)
28613.9040      | (20, 100, 1.0, 5.0, 0.1, 100.0, 4)
39621.2941      | (20, 100, 0.5, 2.0, 0.5, 100.0, 4)
43844.0683      | (20, 100, 0.5, 2.0, 0.1, 100.0, 4)
29672.6781      | (20, 100, 0.5, 5.0, 0.5, 100.0, 4)
29295.2126      | (20, 100, 0.5, 5.0, 0.1, 100.0, 4)
33529.6950      | (50, 50, 1.0, 2.0, 0.5, 100.0, 4)
35533.0846      | (50, 50, 1.0, 2.0, 0.1, 100.0, 4)
28681.0106      | (50, 50, 1.0, 5.0, 0.5, 100.0, 4)
28607.4733      | (50, 50, 1.0, 5.0, 0.1, 100.0, 4)
39052.9001      | (50, 50, 0.5, 2.0, 0.5, 100.0, 4)
60148.0484      | (50, 50, 0.5, 2.0, 0.1, 100.0, 4)
29531.7791      | (50, 50, 0.5, 5.0, 0.5, 100.0, 4)
30141.4524      | (50, 50, 0.5, 5.0, 0.1, 100.0, 4)
33344.5793      | (50, 100, 1.0, 2.0, 0.5, 100.0, 4)
31697.2185      | (50, 100, 1.0, 2.0, 0.1, 100.0, 4)
28517.4924      | (50, 100, 1.0, 5.0, 0.5, 100.0, 4)
28245.5815      | (50, 100, 1.0, 5.0, 0.1, 100.0, 4)
39052.9001      | (50, 100, 0.5, 2.0, 0.5, 100.0, 4)
44069.3868      | (50, 100, 0.5, 2.0, 0.1, 100.0, 4)
29531.7791      | (50, 100, 0.5, 5.0, 0.5, 100.0, 4)
29318.7806      | (50, 100, 0.5, 5.0, 0.1, 100.0, 4)
------------------------------------------------------------
BEST FOR data/input/data/003.in: 28245.581466
CONFIG: {'ants': 50, 'iterations': 100, 'alpha': 1.0, 'beta': 5.0, 'evaporation': 0.1, 'Q': 100.0, 'threads': 4}